696191.0000 1452089.00 0 0
690700.0000 1455649.00 0 0
690829.0000 1436753.00 0 0
702823.0000 1433739.00 0 0
725423.0000 1408581.00 0 0
680222.0000 1444151.00 0 0
673346.0000 1454749.00 0 0
671948.0000 1468335.00 0 0
672867.0000 1486992.00 0 0
678652.0000 1507746.00 0 0
707362.0000 1529879.00 0 0
718127.0000 1533707.00 0 0
691035.0000 1518113.00 0 0
697158.0000 1424023.00 0 0
750535.0000 1400531.00 0 0
721921.0000 1555453.00 0 0
761845.0000 1557976.00 0 0
819866.0000 1573265.00 0 0
822988.0000 1379186.00 0 0
682167.0000 1406593.00 0 0
228716.0000 1351748.00 0 0
282095.0000 1328043.00 0 0
230961.0000 1604587.00 0 0
284901.0000 1632653.00 0 0