PLUME_MODEL=[2]Beta Distribution with ALPHA and BETA parameteres
EXIT[get_points]:Read 78 points.
ENTER[get_wind].
[0] 780.000000 4.020937 252.243924
[1] 845.382032 3.769379 234.184191
[2] 910.764065 3.492109 212.163594
[3] 976.146097 3.214839 190.142997
[4] 1041.528129 2.937569 168.122400
[5] 1106.910162 2.660299 146.101803
[6] 1172.292194 2.383029 124.081206
[7] 1237.674226 2.105759 102.060609
[8] 1303.056258 1.828489 80.040013
[9] 1368.438291 1.551219 58.019416
[10] 1433.820323 1.273949 35.998819
[11] 1499.202355 0.996679 13.978222
[12] 1564.584388 0.962433 8.201600
[13] 1629.966420 1.058289 11.121225
[14] 1695.348452 1.154146 14.040850
[15] 1760.730485 1.250002 16.960476
[16] 1826.112517 1.345858 19.880101
[17] 1891.494549 1.441715 22.799726
[18] 1956.876581 1.537571 25.719351
[19] 2022.258614 1.633427 28.638977
[20] 2087.640646 1.729284 31.558602
[21] 2153.022678 1.825140 34.478227
[22] 2218.404711 1.920997 37.397852
[23] 2283.786743 2.016853 40.317478
[24] 2349.168775 2.112709 43.237103
[25] 2414.550808 2.208566 46.156728
[26] 2479.932840 2.304422 49.076353
[27] 2545.314872 2.400278 51.995979
[28] 2610.696904 2.496135 54.915604
[29] 2676.078937 2.591991 57.835229
[30] 2741.460969 2.687847 60.754855
[31] 2806.843001 2.783704 63.674480
[32] 2872.225034 2.879560 66.594105
[33] 2937.607066 2.975417 69.513730
[34] 3002.989098 3.071273 72.433356
[35] 3068.371131 3.167129 75.352981
[36] 3133.753163 3.262986 78.272606
[37] 3199.135195 3.268273 78.473559
[38] 3264.517228 3.216587 76.964345
[39] 3329.899260 3.164902 75.455132
[40] 3395.281292 3.113216 73.945918
[41] 3460.663324 3.061531 72.436704
[42] 3526.045357 3.009846 70.927491
[43] 3591.427389 2.958160 69.418277
[44] 3656.809421 2.906475 67.909063
[45] 3722.191454 2.854789 66.399849
[46] 3787.573486 2.803104 64.890636
[47] 3852.955518 2.751419 63.381422
[48] 3918.337551 2.699733 61.872208
[49] 3983.719583 2.648048 60.362995
[50] 4049.101615 2.596362 58.853781
[51] 4114.483647 2.544677 57.344567
[52] 4179.865680 2.492992 55.835353
[53] 4245.247712 2.441306 54.326140
[54] 4310.629744 2.389621 52.816926
[55] 4376.011777 2.337935 51.307712
[56] 4441.393809 2.325191 50.787791
[57] 4506.775841 2.419882 52.997253
[58] 4572.157874 2.514573 55.206714
[59] 4637.539906 2.609265 57.416176
[60] 4702.921938 2.703956 59.625638
[61] 4768.303970 2.798647 61.835100
[62] 4833.686003 2.893338 64.044561
[63] 4899.068035 2.988030 66.254023
[64] 4964.450067 3.082721 68.463485
[65] 5029.832100 3.177412 70.672947
[66] 5095.214132 3.272103 72.882409
[67] 5160.596164 3.366794 75.091870
[68] 5225.978197 3.461486 77.301332
[69] 5291.360229 3.556177 79.510794
[70] 5356.742261 3.650868 81.720256
[71] 5422.124293 3.745559 83.929718
[72] 5487.506326 3.840251 86.139179
[73] 5552.888358 3.934942 88.348641
[74] 5618.270390 4.029633 90.558103
[75] 5683.652423 4.124324 92.767565
[76] 5749.034455 4.219015 94.977026
[77] 5814.416487 4.313707 97.186488
[78] 5879.798520 4.413461 99.171394
[79] 5945.180552 4.565248 98.848848
[80] 6010.562584 4.717034 98.526302
[81] 6075.944617 4.868821 98.203756
[82] 6141.326649 5.020607 97.881209
[83] 6206.708681 5.172394 97.558663
[84] 6272.090713 5.324180 97.236117
[85] 6337.472746 5.475967 96.913570
[86] 6402.854778 5.627753 96.591024
[87] 6468.236810 5.779540 96.268478
[88] 6533.618843 5.931326 95.945931
[89] 6599.000875 6.083113 95.623385
[90] 6664.382907 6.234899 95.300839
[91] 6729.764940 6.386686 94.978293
[92] 6795.146972 6.538472 94.655746
[93] 6860.529004 6.690259 94.333200
[94] 6925.911036 6.842045 94.010654
[95] 6991.293069 6.993832 93.688107
[96] 7056.675101 7.145618 93.365561
[97] 7122.057133 7.297405 93.043015
[98] 7187.439166 7.449191 92.720468
[99] 7252.821198 7.600978 92.397922
[100] 7318.203230 7.752764 92.075376
[101] 7383.585263 7.904551 91.752830
[102] 7448.967295 8.056337 91.430283
[103] 7514.349327 8.208124 91.107737
[104] 7579.731359 8.359910 90.785191
[105] 7645.113392 8.402291 90.576280
[106] 7710.495424 8.405405 90.408155
[107] 7775.877456 8.408518 90.240029
[108] 7841.259489 8.411631 90.071904
[109] 7906.641521 8.414745 89.903779
[110] 7972.023553 8.417858 89.735654
[111] 8037.405586 8.420972 89.567528
[112] 8102.787618 8.424085 89.399403
[113] 8168.169650 8.427199 89.231278
[114] 8233.551683 8.430312 89.063153
[115] 8298.933715 8.433425 88.895028
[116] 8364.315747 8.436539 88.726902
[117] 8429.697779 8.439652 88.558777
[118] 8495.079812 8.442766 88.390652
[119] 8560.461844 8.445879 88.222527
[120] 8625.843876 8.448993 88.054401
[121] 8691.225909 8.452106 87.886276
[122] 8756.607941 8.455219 87.718151
[123] 8821.989973 8.458333 87.550026
[124] 8887.372006 8.461446 87.381901
[125] 8952.754038 8.464560 87.213775
[126] 9018.136070 8.467673 87.045650
[127] 9083.518102 8.470787 86.877525
[128] 9148.900135 8.473900 86.709400
[129] 9214.282167 8.477013 86.541274
[130] 9279.664199 8.480127 86.373149
[131] 9345.046232 8.483240 86.205024
[132] 9410.428264 8.486354 86.036899
[133] 9475.810296 8.489467 85.868774
[134] 9541.192329 8.492581 85.700648
[135] 9606.574361 8.495694 85.532523
[136] 9671.956393 8.498807 85.364398
[137] 9737.338425 8.579910 85.232876
[138] 9802.720458 8.709430 85.124078
[139] 9868.102490 8.838951 85.015281
[140] 9933.484522 8.968472 84.906484
[141] 9998.866555 9.097992 84.797686
[142] 10064.248587 9.227513 84.688889
[143] 10129.630619 9.357034 84.580092
[144] 10195.012652 9.486554 84.471294
[145] 10260.394684 9.616075 84.362497
[146] 10325.776716 9.745596 84.253700
[147] 10391.158749 9.875116 84.144902
[148] 10456.540781 10.004637 84.036105
[149] 10521.922813 10.134158 83.927308
[150] 10587.304845 10.263678 83.818510
[151] 10652.686878 10.393199 83.709713
[152] 10718.068910 10.522720 83.600915
[153] 10783.450942 10.652240 83.492118
[154] 10848.832975 10.781761 83.383321
[155] 10914.215007 10.911282 83.274523
[156] 10979.597039 11.039020 83.089908
[157] 11044.979072 11.162883 82.740437
[158] 11110.361104 11.286746 82.390966
[159] 11175.743136 11.410609 82.041495
[160] 11241.125168 11.534473 81.692024
[161] 11306.507201 11.658336 81.342553
[162] 11371.889233 11.782199 80.993082
[163] 11437.271265 11.906062 80.643611
[164] 11502.653298 12.029925 80.294140
[165] 11568.035330 12.153788 79.944669
[166] 11633.417362 12.277651 79.595198
[167] 11698.799395 12.401514 79.245727
[168] 11764.181427 12.525378 78.896256
[169] 11829.563459 12.649241 78.546785
[170] 11894.945491 12.773104 78.197314
[171] 11960.327524 12.896967 77.847843
[172] 12025.709556 13.020830 77.498372
[173] 12091.091588 13.144693 77.148902
[174] 12156.473621 13.268556 76.799431
[175] 12221.855653 13.392419 76.449960
[176] 12287.237685 13.516282 76.100489
[177] 12352.619718 13.640146 75.751018
[178] 12418.001750 13.764009 75.401547
[179] 12483.383782 13.802575 75.943861
[180] 12548.765814 13.806206 76.851441
[181] 12614.147847 13.809836 77.759021
[182] 12679.529879 13.813466 78.666600
[183] 12744.911911 13.817097 79.574180
[184] 12810.293944 13.820727 80.481759
[185] 12875.675976 13.824357 81.389339
[186] 12941.058008 13.827988 82.296918
[187] 13006.440041 13.831618 83.204498
[188] 13071.822073 13.835248 84.112078
[189] 13137.204105 13.838879 85.019657
[190] 13202.586138 13.842509 85.927237
[191] 13267.968170 13.846139 86.834816
[192] 13333.350202 13.849770 87.742396
[193] 13398.732234 13.853400 88.649975
[194] 13464.114267 13.857030 89.557555
[195] 13529.496299 13.860661 90.465135
[196] 13594.878331 13.864291 91.372714
[197] 13660.260364 13.867921 92.280294
[198] 13725.642396 13.871551 93.187873
[199] 13791.024428 13.875182 94.095453
[200] 13856.406461 13.878812 95.003032
	Read 1 wind days with 201 wind levels per day.
EXIT[get_wind].
Finished.
