single point
          beta                      0.8528516802984458    1.000000000000000    0.000000000000000
diffusion_coefficient                      1225.958309587217    1.000000000000000    0.000000000000000
 eruption_mass                      30432084951.82978    1.000000000000000    0.000000000000000
fall_time_threshold                      283.8183222866998    1.000000000000000    0.000000000000000
median_grainsize                      1.154766016842333    1.000000000000000    0.000000000000000
  plume_height                      12749.94591160160    1.000000000000000    0.000000000000000
 std_grainsize                      2.295870101142779    1.000000000000000    0.000000000000000
wind0_height:108.0_dir                      6.800000000000000    1.000000000000000    0.000000000000000
wind0_height:108.0_vel                      245.7000000000000    1.000000000000000    0.000000000000000
wind0_height:10970.0_dir                      14.90000000000000    1.000000000000000    0.000000000000000
wind0_height:10970.0_vel                      49.40000000000000    1.000000000000000    0.000000000000000
wind0_height:12450.0_dir                      16.60000000000000    1.000000000000000    0.000000000000000
wind0_height:12450.0_vel                      45.70000000000000    1.000000000000000    0.000000000000000
wind0_height:14251.0_dir                      13.90000000000000    1.000000000000000    0.000000000000000
wind0_height:14251.0_vel                      70.30000000000000    1.000000000000000    0.000000000000000
wind0_height:1519.0_dir                      2.500000000000000    1.000000000000000    0.000000000000000
wind0_height:1519.0_vel                      296.6000000000000    1.000000000000000    0.000000000000000
wind0_height:16592.0_dir                      10.10000000000000    1.000000000000000    0.000000000000000
wind0_height:16592.0_vel                      118.3000000000000    1.000000000000000    0.000000000000000
wind0_height:18615.0_dir                      7.000000000000000    1.000000000000000    0.000000000000000
wind0_height:18615.0_vel                      80.90000000000001    1.000000000000000    0.000000000000000
wind0_height:20606.0_dir                      10.20000000000000    1.000000000000000    0.000000000000000
wind0_height:20606.0_vel                      86.59999999999999    1.000000000000000    0.000000000000000
wind0_height:23792.0_dir                      0.9000000000000000    1.000000000000000    0.000000000000000
wind0_height:23792.0_vel                      54.50000000000000    1.000000000000000    0.000000000000000
wind0_height:26400.0_dir                      15.90000000000000    1.000000000000000    0.000000000000000
wind0_height:26400.0_vel                      272.5000000000000    1.000000000000000    0.000000000000000
wind0_height:31031.0_dir                      32.40000000000000    1.000000000000000    0.000000000000000
wind0_height:31031.0_vel                      267.7000000000000    1.000000000000000    0.000000000000000
wind0_height:3157.0_dir                      2.700000000000000    1.000000000000000    0.000000000000000
wind0_height:3157.0_vel                      309.0000000000000    1.000000000000000    0.000000000000000
wind0_height:4424.0_dir                      2.100000000000000    1.000000000000000    0.000000000000000
wind0_height:4424.0_vel                      309.1000000000000    1.000000000000000    0.000000000000000
wind0_height:5873.0_dir                      1.700000000000000    1.000000000000000    0.000000000000000
wind0_height:5873.0_vel                      139.8000000000000    1.000000000000000    0.000000000000000
wind0_height:7597.0_dir                      4.100000000000000    1.000000000000000    0.000000000000000
wind0_height:7597.0_vel                      88.59999999999999    1.000000000000000    0.000000000000000
wind0_height:791.0_dir                      6.200000000000000    1.000000000000000    0.000000000000000
wind0_height:791.0_vel                      267.2000000000000    1.000000000000000    0.000000000000000
wind0_height:9703.0_dir                      10.70000000000000    1.000000000000000    0.000000000000000
wind0_height:9703.0_vel                      52.60000000000000    1.000000000000000    0.000000000000000
wind1_height:102.0_dir                      6.300000000000000    1.000000000000000    0.000000000000000
wind1_height:102.0_vel                      252.4000000000000    1.000000000000000    0.000000000000000
wind1_height:10957.0_dir                      13.60000000000000    1.000000000000000    0.000000000000000
wind1_height:10957.0_vel                      61.60000000000000    1.000000000000000    0.000000000000000
wind1_height:12436.0_dir                      16.70000000000000    1.000000000000000    0.000000000000000
wind1_height:12436.0_vel                      62.50000000000000    1.000000000000000    0.000000000000000
wind1_height:14238.0_dir                      15.90000000000000    1.000000000000000    0.000000000000000
wind1_height:14238.0_vel                      81.30000000000000    1.000000000000000    0.000000000000000
wind1_height:1517.0_dir                      4.200000000000000    1.000000000000000    0.000000000000000
wind1_height:1517.0_vel                      304.4000000000000    1.000000000000000    0.000000000000000
wind1_height:16597.0_dir                      12.00000000000000    1.000000000000000    0.000000000000000
wind1_height:16597.0_vel                      106.0000000000000    1.000000000000000    0.000000000000000
wind1_height:18635.0_dir                      6.600000000000000    1.000000000000000    0.000000000000000
wind1_height:18635.0_vel                      54.90000000000000    1.000000000000000    0.000000000000000
wind1_height:20616.0_dir                      5.500000000000000    1.000000000000000    0.000000000000000
wind1_height:20616.0_vel                      65.30000000000000    1.000000000000000    0.000000000000000
wind1_height:23805.0_dir                      2.300000000000000    1.000000000000000    0.000000000000000
wind1_height:23805.0_vel                      244.5000000000000    1.000000000000000    0.000000000000000
wind1_height:26432.0_dir                      11.50000000000000    1.000000000000000    0.000000000000000
wind1_height:26432.0_vel                      271.5000000000000    1.000000000000000    0.000000000000000
wind1_height:31048.0_dir                      24.50000000000000    1.000000000000000    0.000000000000000
wind1_height:31048.0_vel                      252.7000000000000    1.000000000000000    0.000000000000000
wind1_height:3154.0_dir                      3.700000000000000    1.000000000000000    0.000000000000000
wind1_height:3154.0_vel                      308.4000000000000    1.000000000000000    0.000000000000000
wind1_height:4416.0_dir                      3.300000000000000    1.000000000000000    0.000000000000000
wind1_height:4416.0_vel                      317.5000000000000    1.000000000000000    0.000000000000000
wind1_height:5863.0_dir                      1.800000000000000    1.000000000000000    0.000000000000000
wind1_height:5863.0_vel                      47.30000000000000    1.000000000000000    0.000000000000000
wind1_height:7586.0_dir                      4.600000000000000    1.000000000000000    0.000000000000000
wind1_height:7586.0_vel                      55.60000000000000    1.000000000000000    0.000000000000000
wind1_height:786.0_dir                      6.400000000000000    1.000000000000000    0.000000000000000
wind1_height:786.0_vel                      273.6000000000000    1.000000000000000    0.000000000000000
wind1_height:9690.0_dir                      9.000000000000000    1.000000000000000    0.000000000000000
wind1_height:9690.0_vel                      56.80000000000000    1.000000000000000    0.000000000000000
wind2_height:10957.0_dir                      11.40000000000000    1.000000000000000    0.000000000000000
wind2_height:10957.0_vel                      66.09999999999999    1.000000000000000    0.000000000000000
wind2_height:113.0_dir                      6.600000000000000    1.000000000000000    0.000000000000000
wind2_height:113.0_vel                      239.2000000000000    1.000000000000000    0.000000000000000
wind2_height:12431.0_dir                      15.10000000000000    1.000000000000000    0.000000000000000
wind2_height:12431.0_vel                      73.00000000000000    1.000000000000000    0.000000000000000
wind2_height:14229.0_dir                      17.60000000000000    1.000000000000000    0.000000000000000
wind2_height:14229.0_vel                      97.50000000000000    1.000000000000000    0.000000000000000
wind2_height:1523.0_dir                      0.6000000000000000    1.000000000000000    0.000000000000000
wind2_height:1523.0_vel                      341.6000000000000    1.000000000000000    0.000000000000000
wind2_height:16572.0_dir                      10.30000000000000    1.000000000000000    0.000000000000000
wind2_height:16572.0_vel                      94.40000000000001    1.000000000000000    0.000000000000000
wind2_height:18587.0_dir                      8.100000000000000    1.000000000000000    0.000000000000000
wind2_height:18587.0_vel                      83.59999999999999    1.000000000000000    0.000000000000000
wind2_height:20579.0_dir                      8.000000000000000    1.000000000000000    0.000000000000000
wind2_height:20579.0_vel                      85.00000000000000    1.000000000000000    0.000000000000000
wind2_height:23807.0_dir                      7.300000000000000    1.000000000000000    0.000000000000000
wind2_height:23807.0_vel                      250.1000000000000    1.000000000000000    0.000000000000000
wind2_height:26441.0_dir                      17.50000000000000    1.000000000000000    0.000000000000000
wind2_height:26441.0_vel                      270.0000000000000    1.000000000000000    0.000000000000000
wind2_height:31030.0_dir                      28.20000000000000    1.000000000000000    0.000000000000000
wind2_height:31030.0_vel                      253.1000000000000    1.000000000000000    0.000000000000000
wind2_height:3159.0_dir                      2.600000000000000    1.000000000000000    0.000000000000000
wind2_height:3159.0_vel                      62.40000000000000    1.000000000000000    0.000000000000000
wind2_height:4421.0_dir                      2.800000000000000    1.000000000000000    0.000000000000000
wind2_height:4421.0_vel                      30.30000000000000    1.000000000000000    0.000000000000000
wind2_height:5869.0_dir                      4.300000000000000    1.000000000000000    0.000000000000000
wind2_height:5869.0_vel                      71.09999999999999    1.000000000000000    0.000000000000000
wind2_height:7593.0_dir                      6.400000000000000    1.000000000000000    0.000000000000000
wind2_height:7593.0_vel                      63.00000000000000    1.000000000000000    0.000000000000000
wind2_height:795.0_dir                      5.000000000000000    1.000000000000000    0.000000000000000
wind2_height:795.0_vel                      246.5000000000000    1.000000000000000    0.000000000000000
wind2_height:9695.0_dir                      7.700000000000000    1.000000000000000    0.000000000000000
wind2_height:9695.0_vel                      56.10000000000000    1.000000000000000    0.000000000000000
wind3_height:108.0_dir                      -47.99863062558781    1.000000000000000    0.000000000000000
wind3_height:108.0_vel                      234.2017294529592    1.000000000000000    0.000000000000000
wind3_height:10959.0_dir                      -31.40507960953389    1.000000000000000    0.000000000000000
wind3_height:10959.0_vel                      92.11261979774780    1.000000000000000    0.000000000000000
wind3_height:12437.0_dir                      19.54587058477156    1.000000000000000    0.000000000000000
wind3_height:12437.0_vel                      90.55300101854651    1.000000000000000    0.000000000000000
wind3_height:14238.0_dir                      -8.195638598580722    1.000000000000000    0.000000000000000
wind3_height:14238.0_vel                      103.4584046572117    1.000000000000000    0.000000000000000
wind3_height:1522.0_dir                      3.613957506423692    1.000000000000000    0.000000000000000
wind3_height:1522.0_vel                      7.056504125175140    1.000000000000000    0.000000000000000
wind3_height:16586.0_dir                      11.76525683259699    1.000000000000000    0.000000000000000
wind3_height:16586.0_vel                      67.99234970240090    1.000000000000000    0.000000000000000
wind3_height:18608.0_dir                      44.21948298572190    1.000000000000000    0.000000000000000
wind3_height:18608.0_vel                      81.64647054635293    1.000000000000000    0.000000000000000
wind3_height:20595.0_dir                      -7.195187757418509    1.000000000000000    0.000000000000000
wind3_height:20595.0_vel                      73.19895074589057    1.000000000000000    0.000000000000000
wind3_height:23802.0_dir                      -9.740339741567485    1.000000000000000    0.000000000000000
wind3_height:23802.0_vel                      250.7319412463819    1.000000000000000    0.000000000000000
wind3_height:26418.0_dir                      41.15735063046320    1.000000000000000    0.000000000000000
wind3_height:26418.0_vel                      294.2568309914528    1.000000000000000    0.000000000000000
wind3_height:3159.0_dir                      10.59910445458233    1.000000000000000    0.000000000000000
wind3_height:3159.0_vel                      66.13907955339683    1.000000000000000    0.000000000000000
wind3_height:4424.0_dir                      -23.65648911235468    1.000000000000000    0.000000000000000
wind3_height:4424.0_vel                      51.35249416026979    1.000000000000000    0.000000000000000
wind3_height:5874.0_dir                      15.65838654359668    1.000000000000000    0.000000000000000
wind3_height:5874.0_vel                      108.2153377550516    1.000000000000000    0.000000000000000
wind3_height:7597.0_dir                      25.09389875690033    1.000000000000000    0.000000000000000
wind3_height:7597.0_vel                      79.66056318293953    1.000000000000000    0.000000000000000
wind3_height:791.0_dir                      21.29011216166973    1.000000000000000    0.000000000000000
wind3_height:791.0_vel                      275.9768102131727    1.000000000000000    0.000000000000000
wind3_height:9697.0_dir                      -45.28182574032614    1.000000000000000    0.000000000000000
wind3_height:9697.0_vel                      103.9116883244034    1.000000000000000    0.000000000000000
wind4_height:108.0_dir                      6.200000000000000    1.000000000000000    0.000000000000000
wind4_height:108.0_vel                      243.7000000000000    1.000000000000000    0.000000000000000
wind4_height:10961.0_dir                      12.40000000000000    1.000000000000000    0.000000000000000
wind4_height:10961.0_vel                      63.60000000000000    1.000000000000000    0.000000000000000
wind4_height:12438.0_dir                      15.20000000000000    1.000000000000000    0.000000000000000
wind4_height:12438.0_vel                      63.40000000000000    1.000000000000000    0.000000000000000
wind4_height:14239.0_dir                      15.00000000000000    1.000000000000000    0.000000000000000
wind4_height:14239.0_vel                      87.80000000000000    1.000000000000000    0.000000000000000
wind4_height:1520.0_dir                      1.900000000000000    1.000000000000000    0.000000000000000
wind4_height:1520.0_vel                      310.8000000000000    1.000000000000000    0.000000000000000
wind4_height:16587.0_dir                      9.699999999999999    1.000000000000000    0.000000000000000
wind4_height:16587.0_vel                      99.09999999999999    1.000000000000000    0.000000000000000
wind4_height:18611.0_dir                      7.400000000000000    1.000000000000000    0.000000000000000
wind4_height:18611.0_vel                      75.30000000000000    1.000000000000000    0.000000000000000
wind4_height:20599.0_dir                      7.700000000000000    1.000000000000000    0.000000000000000
wind4_height:20599.0_vel                      79.00000000000000    1.000000000000000    0.000000000000000
wind4_height:23802.0_dir                      4.100000000000000    1.000000000000000    0.000000000000000
wind4_height:23802.0_vel                      258.5000000000000    1.000000000000000    0.000000000000000
wind4_height:26423.0_dir                      15.40000000000000    1.000000000000000    0.000000000000000
wind4_height:26423.0_vel                      271.3000000000000    1.000000000000000    0.000000000000000
wind4_height:3157.0_dir                      1.500000000000000    1.000000000000000    0.000000000000000
wind4_height:3157.0_vel                      4.900000000000000    1.000000000000000    0.000000000000000
wind4_height:4421.0_dir                      1.900000000000000    1.000000000000000    0.000000000000000
wind4_height:4421.0_vel                      355.5000000000000    1.000000000000000    0.000000000000000
wind4_height:5870.0_dir                      2.700000000000000    1.000000000000000    0.000000000000000
wind4_height:5870.0_vel                      86.80000000000000    1.000000000000000    0.000000000000000
wind4_height:7593.0_dir                      5.700000000000000    1.000000000000000    0.000000000000000
wind4_height:7593.0_vel                      76.00000000000000    1.000000000000000    0.000000000000000
wind4_height:791.0_dir                      5.300000000000000    1.000000000000000    0.000000000000000
wind4_height:791.0_vel                      261.6000000000000    1.000000000000000    0.000000000000000
wind4_height:9696.0_dir                      8.699999999999999    1.000000000000000    0.000000000000000
wind4_height:9696.0_vel                      62.00000000000000    1.000000000000000    0.000000000000000
wind5_height:-167.0_dir                      6.400000000000000    1.000000000000000    0.000000000000000
wind5_height:-167.0_vel                      224.4000000000000    1.000000000000000    0.000000000000000
wind5_height:11110.0_dir                      14.60000000000000    1.000000000000000    0.000000000000000
wind5_height:11110.0_vel                      70.50000000000000    1.000000000000000    0.000000000000000
wind5_height:1112.0_dir                      2.500000000000000    1.000000000000000    0.000000000000000
wind5_height:1112.0_vel                      220.1000000000000    1.000000000000000    0.000000000000000
wind5_height:12960.0_dir                      14.40000000000000    1.000000000000000    0.000000000000000
wind5_height:12960.0_vel                      78.80000000000000    1.000000000000000    0.000000000000000
wind5_height:15549.0_dir                      12.40000000000000    1.000000000000000    0.000000000000000
wind5_height:15549.0_vel                      73.20000000000000    1.000000000000000    0.000000000000000
wind5_height:17811.0_dir                      10.90000000000000    1.000000000000000    0.000000000000000
wind5_height:17811.0_vel                      85.80000000000000    1.000000000000000    0.000000000000000
wind5_height:19927.0_dir                      8.300000000000001    1.000000000000000    0.000000000000000
wind5_height:19927.0_vel                      83.80000000000000    1.000000000000000    0.000000000000000
wind5_height:23125.0_dir                      5.800000000000000    1.000000000000000    0.000000000000000
wind5_height:23125.0_vel                      288.1000000000000    1.000000000000000    0.000000000000000
wind5_height:25669.0_dir                      23.10000000000000    1.000000000000000    0.000000000000000
wind5_height:25669.0_vel                      245.2000000000000    1.000000000000000    0.000000000000000
wind5_height:2588.0_dir                      2.500000000000000    1.000000000000000    0.000000000000000
wind5_height:2588.0_vel                      108.4000000000000    1.000000000000000    0.000000000000000
wind5_height:30125.0_dir                      39.70000000000000    1.000000000000000    0.000000000000000
wind5_height:30125.0_vel                      254.8000000000000    1.000000000000000    0.000000000000000
wind5_height:3728.0_dir                      5.600000000000000    1.000000000000000    0.000000000000000
wind5_height:3728.0_vel                      84.90000000000001    1.000000000000000    0.000000000000000
wind5_height:455.0_dir                      6.300000000000000    1.000000000000000    0.000000000000000
wind5_height:455.0_vel                      237.3000000000000    1.000000000000000    0.000000000000000
wind5_height:5032.0_dir                      8.600000000000000    1.000000000000000    0.000000000000000
wind5_height:5032.0_vel                      91.30000000000000    1.000000000000000    0.000000000000000
wind5_height:6574.0_dir                      7.700000000000000    1.000000000000000    0.000000000000000
wind5_height:6574.0_vel                      77.20000000000000    1.000000000000000    0.000000000000000
wind5_height:8488.0_dir                      9.100000000000000    1.000000000000000    0.000000000000000
wind5_height:8488.0_vel                      97.00000000000000    1.000000000000000    0.000000000000000
wind5_height:9673.0_dir                      12.10000000000000    1.000000000000000    0.000000000000000
wind5_height:9673.0_vel                      87.59999999999999    1.000000000000000    0.000000000000000
