PLUME_MODEL=[2]Beta Distribution with ALPHA and BETA parameteres
EXIT[get_points]:Read 78 points.
ENTER[get_wind].
[0] 780.000000 4.420244 228.791629
[1] 845.382032 4.042083 227.079953
[2] 910.764065 3.663922 225.368277
[3] 976.146097 3.285761 223.656601
[4] 1041.528129 2.907600 221.944926
[5] 1106.910162 2.529439 220.233250
[6] 1172.292194 2.500000 215.537237
[7] 1237.674226 2.500000 210.589288
[8] 1303.056258 2.500000 205.641339
[9] 1368.438291 2.500000 200.693390
[10] 1433.820323 2.500000 195.745440
[11] 1499.202355 2.500000 190.797491
[12] 1564.584388 2.500000 185.849542
[13] 1629.966420 2.500000 180.901593
[14] 1695.348452 2.500000 175.953644
[15] 1760.730485 2.500000 171.005694
[16] 1826.112517 2.500000 166.057745
[17] 1891.494549 2.500000 161.109796
[18] 1956.876581 2.500000 156.161847
[19] 2022.258614 2.500000 151.213898
[20] 2087.640646 2.500000 146.265948
[21] 2153.022678 2.500000 141.317999
[22] 2218.404711 2.500000 136.370050
[23] 2283.786743 2.500000 131.422101
[24] 2349.168775 2.500000 126.474152
[25] 2414.550808 2.500000 121.526202
[26] 2479.932840 2.500000 116.578253
[27] 2545.314872 2.500000 111.630304
[28] 2610.696904 2.561720 107.932125
[29] 2676.078937 2.739513 106.584338
[30] 2741.460969 2.917306 105.236550
[31] 2806.843001 3.095099 103.888763
[32] 2872.225034 3.272893 102.540975
[33] 2937.607066 3.450686 101.193188
[34] 3002.989098 3.628479 99.845400
[35] 3068.371131 3.806272 98.497613
[36] 3133.753163 3.984066 97.149825
[37] 3199.135195 4.161859 95.802038
[38] 3264.517228 4.339652 94.454250
[39] 3329.899260 4.517445 93.106463
[40] 3395.281292 4.695239 91.758675
[41] 3460.663324 4.873032 90.410888
[42] 3526.045357 5.050825 89.063100
[43] 3591.427389 5.228618 87.715313
[44] 3656.809421 5.406412 86.367525
[45] 3722.191454 5.584205 85.019738
[46] 3787.573486 5.737056 85.192385
[47] 3852.955518 5.887474 85.513279
[48] 3918.337551 6.037893 85.834172
[49] 3983.719583 6.188312 86.155065
[50] 4049.101615 6.338731 86.475959
[51] 4114.483647 6.489149 86.796852
[52] 4179.865680 6.639568 87.117746
[53] 4245.247712 6.789987 87.438639
[54] 4310.629744 6.940406 87.759532
[55] 4376.011777 7.090825 88.080426
[56] 4441.393809 7.241243 88.401319
[57] 4506.775841 7.391662 88.722213
[58] 4572.157874 7.542081 89.043106
[59] 4637.539906 7.692500 89.364000
[60] 4702.921938 7.842919 89.684893
[61] 4768.303970 7.993337 90.005786
[62] 4833.686003 8.143756 90.326680
[63] 4899.068035 8.294175 90.647573
[64] 4964.450067 8.444594 90.968467
[65] 5029.832100 8.595012 91.289360
[66] 5095.214132 8.563105 90.721972
[67] 5160.596164 8.524944 90.124121
[68] 5225.978197 8.486783 89.526269
[69] 5291.360229 8.448622 88.928418
[70] 5356.742261 8.410462 88.330567
[71] 5422.124293 8.372301 87.732716
[72] 5487.506326 8.334140 87.134864
[73] 5552.888358 8.295980 86.537013
[74] 5618.270390 8.257819 85.939162
[75] 5683.652423 8.219658 85.341311
[76] 5749.034455 8.181497 84.743459
[77] 5814.416487 8.143337 84.145608
[78] 5879.798520 8.105176 83.547757
[79] 5945.180552 8.067015 82.949905
[80] 6010.562584 8.028855 82.352054
[81] 6075.944617 7.990694 81.754203
[82] 6141.326649 7.952533 81.156352
[83] 6206.708681 7.914372 80.558500
[84] 6272.090713 7.876212 79.960649
[85] 6337.472746 7.838051 79.362798
[86] 6402.854778 7.799890 78.764947
[87] 6468.236810 7.761729 78.167095
[88] 6533.618843 7.723569 77.569244
[89] 6599.000875 7.718287 77.458630
[90] 6664.382907 7.766111 78.134996
[91] 6729.764940 7.813935 78.811361
[92] 6795.146972 7.861758 79.487727
[93] 6860.529004 7.909582 80.164093
[94] 6925.911036 7.957406 80.840459
[95] 6991.293069 8.005230 81.516825
[96] 7056.675101 8.053054 82.193191
[97] 7122.057133 8.100878 82.869557
[98] 7187.439166 8.148702 83.545922
[99] 7252.821198 8.196525 84.222288
[100] 7318.203230 8.244349 84.898654
[101] 7383.585263 8.292173 85.575020
[102] 7448.967295 8.339997 86.251386
[103] 7514.349327 8.387821 86.927752
[104] 7579.731359 8.435645 87.604118
[105] 7645.113392 8.483469 88.280483
[106] 7710.495424 8.531292 88.956849
[107] 7775.877456 8.579116 89.633215
[108] 7841.259489 8.626940 90.309581
[109] 7906.641521 8.674764 90.985947
[110] 7972.023553 8.722588 91.662313
[111] 8037.405586 8.770412 92.338678
[112] 8102.787618 8.818235 93.015044
[113] 8168.169650 8.866059 93.691410
[114] 8233.551683 8.913883 94.367776
[115] 8298.933715 8.961707 95.044142
[116] 8364.315747 9.009531 95.720508
[117] 8429.697779 9.057355 96.396874
[118] 8495.079812 9.117924 96.943839
[119] 8560.461844 9.283448 96.425197
[120] 8625.843876 9.448972 95.906555
[121] 8691.225909 9.614496 95.387913
[122] 8756.607941 9.780020 94.869270
[123] 8821.989973 9.945544 94.350628
[124] 8887.372006 10.111068 93.831986
[125] 8952.754038 10.276593 93.313343
[126] 9018.136070 10.442117 92.794701
[127] 9083.518102 10.607641 92.276059
[128] 9148.900135 10.773165 91.757417
[129] 9214.282167 10.938689 91.238774
[130] 9279.664199 11.104213 90.720132
[131] 9345.046232 11.269737 90.201490
[132] 9410.428264 11.435261 89.682848
[133] 9475.810296 11.600786 89.164205
[134] 9541.192329 11.766310 88.645563
[135] 9606.574361 11.931834 88.126921
[136] 9671.956393 12.097358 87.608278
[137] 9737.338425 12.211932 86.834386
[138] 9802.720458 12.325679 86.056354
[139] 9868.102490 12.439427 85.278321
[140] 9933.484522 12.553174 84.500289
[141] 9998.866555 12.666922 83.722256
[142] 10064.248587 12.780669 82.944223
[143] 10129.630619 12.894417 82.166191
[144] 10195.012652 13.008164 81.388158
[145] 10260.394684 13.121911 80.610126
[146] 10325.776716 13.235659 79.832093
[147] 10391.158749 13.349406 79.054061
[148] 10456.540781 13.463154 78.276028
[149] 10521.922813 13.576901 77.497996
[150] 10587.304845 13.690649 76.719963
[151] 10652.686878 13.804396 75.941931
[152] 10718.068910 13.918144 75.163898
[153] 10783.450942 14.031891 74.385866
[154] 10848.832975 14.145638 73.607833
[155] 10914.215007 14.259386 72.829801
[156] 10979.597039 14.373133 72.051768
[157] 11044.979072 14.486881 71.273735
[158] 11110.361104 14.599961 70.501620
[159] 11175.743136 14.592893 70.794956
[160] 11241.125168 14.585824 71.088291
[161] 11306.507201 14.578756 71.381627
[162] 11371.889233 14.571688 71.674963
[163] 11437.271265 14.564619 71.968298
[164] 11502.653298 14.557551 72.261634
[165] 11568.035330 14.550483 72.554969
[166] 11633.417362 14.543414 72.848305
[167] 11698.799395 14.536346 73.141641
[168] 11764.181427 14.529278 73.434976
[169] 11829.563459 14.522209 73.728312
[170] 11894.945491 14.515141 74.021647
[171] 11960.327524 14.508073 74.314983
[172] 12025.709556 14.501004 74.608319
[173] 12091.091588 14.493936 74.901654
[174] 12156.473621 14.486868 75.194990
[175] 12221.855653 14.479799 75.488325
[176] 12287.237685 14.472731 75.781661
[177] 12352.619718 14.465663 76.074997
[178] 12418.001750 14.458594 76.368332
[179] 12483.383782 14.451526 76.661668
[180] 12548.765814 14.444458 76.955003
[181] 12614.147847 14.437389 77.248339
[182] 12679.529879 14.430321 77.541675
[183] 12744.911911 14.423253 77.835010
[184] 12810.293944 14.416184 78.128346
[185] 12875.675976 14.409116 78.421681
[186] 12941.058008 14.402048 78.715017
[187] 13006.440041 14.364125 78.699550
[188] 13071.822073 14.313618 78.558129
[189] 13137.204105 14.263110 78.416708
[190] 13202.586138 14.212602 78.275287
[191] 13267.968170 14.162095 78.133866
[192] 13333.350202 14.111587 77.992445
[193] 13398.732234 14.061080 77.851023
[194] 13464.114267 14.010572 77.709602
[195] 13529.496299 13.960065 77.568181
[196] 13594.878331 13.909557 77.426760
[197] 13660.260364 13.859050 77.285339
[198] 13725.642396 13.808542 77.143918
[199] 13791.024428 13.758034 77.002496
[200] 13856.406461 13.707527 76.861075
	Read 1 wind days with 201 wind levels per day.
EXIT[get_wind].
Finished.
