113  6.599999999999999644728632120  2.39199999999999988631316e+02
795  5.000000000000000000000000000  2.46500000000000000000000e+02
1523  0.5999999999999999777955395075  3.416000000000000227373675e+02
3159  2.6000000000000000888178419700  62.399999999999998578914528480
4421  2.7999999999999998223643160600  30.300000000000000710542735760
5869  4.2999999999999998223643160600  71.099999999999994315658113919
7593  6.4000000000000003552713678801  63.000000000000000000000000000
9695  7.7000000000000001776356839400  56.100000000000001421085471520
10957  11.4000000000000003552713678801  66.0999999999999943156581139192
12431  15.0999999999999996447286321199  73.0000000000000000000000000000
14229  17.6000000000000014210854715202  97.5000000000000000000000000000
16572  10.3000000000000007105427357601  94.4000000000000056843418860808
18587  8.09999999999999964472863211995  83.5999999999999943156581139192
20579  8.00000000000000000000000000000  85.0000000000000000000000000000
23807  7.29999999999999982236431605997  2.5009999999999999431565811e+02
26441  17.5000000000000000000000000000  2.7000000000000000000000000e+02
31030  28.1999999999999992894572642399  2.5309999999999999431565811e+02
