# x | probability |  Normalized-x | cummulative-probability
842.8		1.63e-05		0.005		1.63e-05
905.7		3.27e-05		0.01		4.9e-05
968.5		4.92e-05		0.015		9.82e-05
1031.3		6.58e-05		0.02		0.000164
1094.2		8.24e-05		0.025		0.000246
1157.0		9.92e-05		0.03		0.000346
1219.8		0.000116		0.035		0.000462
1282.6		0.000133		0.04		0.000595
1345.5		0.00015		0.045		0.000745
1408.3		0.000167		0.05		0.000912
1471.1		0.000184		0.055		0.0011
1534.0		0.000202		0.06		0.0013
1596.8		0.000219		0.065		0.00152
1659.6		0.000237		0.07		0.00175
1722.4		0.000254		0.075		0.00201
1785.3		0.000272		0.08		0.00228
1848.1		0.00029		0.085		0.00257
1910.9		0.000308		0.09		0.00288
1973.8		0.000326		0.095		0.0032
2036.6		0.000344		0.1		0.00355
2099.4		0.000363		0.105		0.00391
2162.3		0.000381		0.11		0.00429
2225.1		0.000399		0.115		0.00469
2287.9		0.000418		0.12		0.00511
2350.7		0.000437		0.125		0.00555
2413.6		0.000456		0.13		0.006
2476.4		0.000475		0.135		0.00648
2539.2		0.000494		0.14		0.00697
2602.1		0.000513		0.145		0.00748
2664.9		0.000532		0.15		0.00802
2727.7		0.000552		0.155		0.00857
2790.6		0.000572		0.16		0.00914
2853.4		0.000591		0.165		0.00973
2916.2		0.000611		0.17		0.0103
2979.0		0.000631		0.175		0.011
3041.9		0.000651		0.18		0.0116
3104.7		0.000672		0.185		0.0123
3167.5		0.000692		0.19		0.013
3230.4		0.000713		0.195		0.0137
3293.2		0.000733		0.2		0.0144
3356.0		0.000754		0.205		0.0152
3418.9		0.000775		0.21		0.016
3481.7		0.000796		0.215		0.0168
3544.5		0.000818		0.22		0.0176
3607.3		0.000839		0.225		0.0184
3670.2		0.000861		0.23		0.0193
3733.0		0.000883		0.235		0.0202
3795.8		0.000905		0.24		0.0211
3858.7		0.000927		0.245		0.022
3921.5		0.000949		0.25		0.0229
3984.3		0.000971		0.255		0.0239
4047.2		0.000994		0.26		0.0249
4110.0		0.00102		0.265		0.0259
4172.8		0.00104		0.27		0.027
4235.6		0.00106		0.275		0.028
4298.5		0.00109		0.28		0.0291
4361.3		0.00111		0.285		0.0302
4424.1		0.00113		0.29		0.0314
4487.0		0.00116		0.295		0.0325
4549.8		0.00118		0.3		0.0337
4612.6		0.00121		0.305		0.0349
4675.5		0.00123		0.31		0.0361
4738.3		0.00126		0.315		0.0374
4801.1		0.00128		0.32		0.0387
4863.9		0.00131		0.325		0.04
4926.8		0.00133		0.33		0.0413
4989.6		0.00136		0.335		0.0427
5052.4		0.00138		0.34		0.044
5115.3		0.00141		0.345		0.0454
5178.1		0.00143		0.35		0.0469
5240.9		0.00146		0.355		0.0483
5303.8		0.00149		0.36		0.0498
5366.6		0.00151		0.365		0.0513
5429.4		0.00154		0.37		0.0529
5492.2		0.00157		0.375		0.0545
5555.1		0.0016		0.38		0.0561
5617.9		0.00163		0.385		0.0577
5680.7		0.00165		0.39		0.0593
5743.6		0.00168		0.395		0.061
5806.4		0.00171		0.4		0.0627
5869.2		0.00174		0.405		0.0645
5932.1		0.00177		0.41		0.0662
5994.9		0.0018		0.415		0.068
6057.7		0.00183		0.42		0.0699
6120.5		0.00186		0.425		0.0717
6183.4		0.00189		0.43		0.0736
6246.2		0.00192		0.435		0.0755
6309.0		0.00195		0.44		0.0775
6371.9		0.00198		0.445		0.0795
6434.7		0.00202		0.45		0.0815
6497.5		0.00205		0.455		0.0835
6560.4		0.00208		0.46		0.0856
6623.2		0.00212		0.465		0.0877
6686.0		0.00215		0.47		0.0899
6748.8		0.00218		0.475		0.0921
6811.7		0.00222		0.48		0.0943
6874.5		0.00225		0.485		0.0965
6937.3		0.00229		0.49		0.0988
7000.2		0.00232		0.495		0.101
7063.0		0.00236		0.5		0.104
7125.8		0.0024		0.505		0.106
7188.7		0.00243		0.51		0.108
7251.5		0.00247		0.515		0.111
7314.3		0.00251		0.52		0.113
7377.1		0.00255		0.525		0.116
7440.0		0.00258		0.53		0.118
7502.8		0.00262		0.535		0.121
7565.6		0.00266		0.54		0.124
7628.5		0.0027		0.545		0.126
7691.3		0.00275		0.55		0.129
7754.1		0.00279		0.555		0.132
7817.0		0.00283		0.56		0.135
7879.8		0.00287		0.565		0.138
7942.6		0.00292		0.57		0.141
8005.4		0.00296		0.575		0.144
8068.3		0.003		0.58		0.147
8131.1		0.00305		0.585		0.15
8193.9		0.0031		0.59		0.153
8256.8		0.00314		0.595		0.156
8319.6		0.00319		0.6		0.159
8382.4		0.00324		0.605		0.162
8445.3		0.00329		0.61		0.166
8508.1		0.00334		0.615		0.169
8570.9		0.00339		0.62		0.172
8633.7		0.00344		0.625		0.176
8696.6		0.00349		0.63		0.179
8759.4		0.00355		0.635		0.183
8822.2		0.0036		0.64		0.186
8885.1		0.00366		0.645		0.19
8947.9		0.00371		0.65		0.194
9010.7		0.00377		0.655		0.197
9073.6		0.00383		0.66		0.201
9136.4		0.00389		0.665		0.205
9199.2		0.00395		0.67		0.209
9262.0		0.00401		0.675		0.213
9324.9		0.00407		0.68		0.217
9387.7		0.00414		0.685		0.221
9450.5		0.00421		0.69		0.226
9513.4		0.00427		0.695		0.23
9576.2		0.00434		0.7		0.234
9639.0		0.00441		0.705		0.239
9701.9		0.00448		0.71		0.243
9764.7		0.00456		0.715		0.248
9827.5		0.00463		0.72		0.252
9890.3		0.00471		0.725		0.257
9953.2		0.00479		0.73		0.262
10016.0		0.00487		0.735		0.267
10078.8		0.00496		0.74		0.272
10141.7		0.00504		0.745		0.277
10204.5		0.00513		0.75		0.282
10267.3		0.00522		0.755		0.287
10330.2		0.00531		0.76		0.292
10393.0		0.00541		0.765		0.298
10455.8		0.00551		0.77		0.303
10518.6		0.00561		0.775		0.309
10581.5		0.00571		0.78		0.315
10644.3		0.00582		0.785		0.32
10707.1		0.00593		0.79		0.326
10770.0		0.00605		0.795		0.332
10832.8		0.00617		0.8		0.339
10895.6		0.00629		0.805		0.345
10958.5		0.00642		0.81		0.351
11021.3		0.00655		0.815		0.358
11084.1		0.00669		0.82		0.364
11146.9		0.00683		0.825		0.371
11209.8		0.00698		0.83		0.378
11272.6		0.00714		0.835		0.385
11335.4		0.0073		0.84		0.393
11398.3		0.00747		0.845		0.4
11461.1		0.00765		0.85		0.408
11523.9		0.00783		0.855		0.416
11586.8		0.00803		0.86		0.424
11649.6		0.00823		0.865		0.432
11712.4		0.00845		0.87		0.44
11775.2		0.00868		0.875		0.449
11838.1		0.00892		0.88		0.458
11900.9		0.00918		0.885		0.467
11963.7		0.00945		0.89		0.477
12026.6		0.00975		0.895		0.486
12089.4		0.0101		0.9		0.496
12152.2		0.0104		0.905		0.507
12215.1		0.0108		0.91		0.518
12277.9		0.0112		0.915		0.529
12340.7		0.0116		0.92		0.54
12403.5		0.0121		0.925		0.552
12466.4		0.0126		0.93		0.565
12529.2		0.0132		0.935		0.578
12592.0		0.0138		0.94		0.592
12654.9		0.0146		0.945		0.607
12717.7		0.0154		0.95		0.622
12780.5		0.0164		0.955		0.638
12843.4		0.0175		0.96		0.656
12906.2		0.0189		0.965		0.675
12969.0		0.0207		0.97		0.695
13031.8		0.0229		0.975		0.718
13094.7		0.026		0.98		0.744
13157.5		0.0304		0.985		0.775
13220.3		0.038		0.99		0.813
13283.2		0.0554		0.995		0.868
13346.0		0.132		0.999		1
