single point
          beta                      0.4334866381917439    1.000000000000000    0.000000000000000
diffusion_coefficient                      1444.719893780732    1.000000000000000    0.000000000000000
 eruption_mass                      24611093497.87737    1.000000000000000    0.000000000000000
fall_time_threshold                      822.0128782148188    1.000000000000000    0.000000000000000
median_grainsize                      -0.2521886592940377    1.000000000000000    0.000000000000000
  plume_height                      13688.99386868885    1.000000000000000    0.000000000000000
 std_grainsize                      2.261804979209376    1.000000000000000    0.000000000000000
wind0_height:10974.0_dir                      39.34735705383936    1.000000000000000    0.000000000000000
wind0_height:10974.0_vel                      60.98295445173120    1.000000000000000    0.000000000000000
wind0_height:112.0_dir                      6.488899295116523    1.000000000000000    0.000000000000000
wind0_height:112.0_vel                      238.3400859246584    1.000000000000000    0.000000000000000
wind0_height:12456.0_dir                      27.69594212010294    1.000000000000000    0.000000000000000
wind0_height:12456.0_vel                      66.08690184040435    1.000000000000000    0.000000000000000
wind0_height:14262.0_dir                      20.40050223994352    1.000000000000000    0.000000000000000
wind0_height:14262.0_vel                      72.23270507610921    1.000000000000000    0.000000000000000
wind0_height:1525.0_dir                      -0.7032459399233837    1.000000000000000    0.000000000000000
wind0_height:1525.0_vel                      300.9953323993766    1.000000000000000    0.000000000000000
wind0_height:16622.0_dir                      11.23103777765646    1.000000000000000    0.000000000000000
wind0_height:16622.0_vel                      87.84610698738061    1.000000000000000    0.000000000000000
wind0_height:18640.0_dir                      -0.05713755658298347    1.000000000000000    0.000000000000000
wind0_height:18640.0_vel                      90.08512032092803    1.000000000000000    0.000000000000000
wind0_height:20616.0_dir                      8.191563682886596    1.000000000000000    0.000000000000000
wind0_height:20616.0_vel                      92.30021166065559    1.000000000000000    0.000000000000000
wind0_height:23814.0_dir                      9.837633422541284    1.000000000000000    0.000000000000000
wind0_height:23814.0_vel                      248.5610740195198    1.000000000000000    0.000000000000000
wind0_height:26442.0_dir                      17.76642933846483    1.000000000000000    0.000000000000000
wind0_height:26442.0_vel                      274.2914080695878    1.000000000000000    0.000000000000000
wind0_height:3163.0_dir                      0.6046803698749610    1.000000000000000    0.000000000000000
wind0_height:3163.0_vel                      341.2625157727459    1.000000000000000    0.000000000000000
wind0_height:4432.0_dir                      1.009051668415089    1.000000000000000    0.000000000000000
wind0_height:4432.0_vel                      17.27674461240584    1.000000000000000    0.000000000000000
wind0_height:5882.0_dir                      7.171961880207872    1.000000000000000    0.000000000000000
wind0_height:5882.0_vel                      80.94943795148885    1.000000000000000    0.000000000000000
wind0_height:7604.0_dir                      -3.023873347461975    1.000000000000000    0.000000000000000
wind0_height:7604.0_vel                      104.2793591150272    1.000000000000000    0.000000000000000
wind0_height:796.0_dir                      -4.534583289085062    1.000000000000000    0.000000000000000
wind0_height:796.0_vel                      275.1461533395833    1.000000000000000    0.000000000000000
wind0_height:9708.0_dir                      14.15370246342127    1.000000000000000    0.000000000000000
wind0_height:9708.0_vel                      56.26346111657877    1.000000000000000    0.000000000000000
