single point
          beta                      0.3399299641874895    1.000000000000000    0.000000000000000
diffusion_coefficient                      1724.870964570124    1.000000000000000    0.000000000000000
 eruption_mass                      21332034266.44738    1.000000000000000    0.000000000000000
fall_time_threshold                      848.5968513849751    1.000000000000000    0.000000000000000
median_grainsize                      -0.07842538927746015    1.000000000000000    0.000000000000000
  plume_height                      13780.74166511400    1.000000000000000    0.000000000000000
 std_grainsize                      2.294523595477099    1.000000000000000    0.000000000000000
wind0_height:10974.0_dir                      24.58911929692255    1.000000000000000    0.000000000000000
wind0_height:10974.0_vel                      63.03122453029061    1.000000000000000    0.000000000000000
wind0_height:112.0_dir                      6.447642329663373    1.000000000000000    0.000000000000000
wind0_height:112.0_vel                      248.9801804745422    1.000000000000000    0.000000000000000
wind0_height:12456.0_dir                      23.41217904971659    1.000000000000000    0.000000000000000
wind0_height:12456.0_vel                      63.06935486420754    1.000000000000000    0.000000000000000
wind0_height:14262.0_dir                      19.75685927067872    1.000000000000000    0.000000000000000
wind0_height:14262.0_vel                      71.95825625865957    1.000000000000000    0.000000000000000
wind0_height:1525.0_dir                      0.01022382606236926    1.000000000000000    0.000000000000000
wind0_height:1525.0_vel                      306.4695905545757    1.000000000000000    0.000000000000000
wind0_height:16622.0_dir                      15.02333548815116    1.000000000000000    0.000000000000000
wind0_height:16622.0_vel                      90.47198086804492    1.000000000000000    0.000000000000000
wind0_height:18640.0_dir                      6.601133355896451    1.000000000000000    0.000000000000000
wind0_height:18640.0_vel                      88.08489608735462    1.000000000000000    0.000000000000000
wind0_height:20616.0_dir                      9.879893368322508    1.000000000000000    0.000000000000000
wind0_height:20616.0_vel                      91.42111816686665    1.000000000000000    0.000000000000000
wind0_height:23814.0_dir                      3.662912659660422    1.000000000000000    0.000000000000000
wind0_height:23814.0_vel                      247.9148933682668    1.000000000000000    0.000000000000000
wind0_height:26442.0_dir                      12.97296655307209    1.000000000000000    0.000000000000000
wind0_height:26442.0_vel                      272.8208821474287    1.000000000000000    0.000000000000000
wind0_height:3163.0_dir                      -0.4066484294193143    1.000000000000000    0.000000000000000
wind0_height:3163.0_vel                      348.1732107737822    1.000000000000000    0.000000000000000
wind0_height:4432.0_dir                      -1.758254826093570    1.000000000000000    0.000000000000000
wind0_height:4432.0_vel                      17.35262189312256    1.000000000000000    0.000000000000000
wind0_height:5882.0_dir                      2.317035287499494    1.000000000000000    0.000000000000000
wind0_height:5882.0_vel                      80.05885880020425    1.000000000000000    0.000000000000000
wind0_height:7604.0_dir                      3.780050129561972    1.000000000000000    0.000000000000000
wind0_height:7604.0_vel                      99.89715233728009    1.000000000000000    0.000000000000000
wind0_height:796.0_dir                      2.568038832578573    1.000000000000000    0.000000000000000
wind0_height:796.0_vel                      275.9614550069188    1.000000000000000    0.000000000000000
wind0_height:9708.0_dir                      14.57491001312493    1.000000000000000    0.000000000000000
wind0_height:9708.0_vel                      57.18319809842761    1.000000000000000    0.000000000000000
