single point
          beta                      0.4484951964821126    1.000000000000000    0.000000000000000
diffusion_coefficient                      1065.616497065139    1.000000000000000    0.000000000000000
 eruption_mass                      30120550711.29325    1.000000000000000    0.000000000000000
fall_time_threshold                      813.5614173540130    1.000000000000000    0.000000000000000
median_grainsize                      -0.3245167513253069    1.000000000000000    0.000000000000000
  plume_height                      13606.92743108204    1.000000000000000    0.000000000000000
 std_grainsize                      2.309986384838614    1.000000000000000    0.000000000000000
wind0_height:10974.0_dir                      51.69898434859030    1.000000000000000    0.000000000000000
wind0_height:10974.0_vel                      57.04548160994761    1.000000000000000    0.000000000000000
wind0_height:112.0_dir                      0.2514295978089320    1.000000000000000    0.000000000000000
wind0_height:112.0_vel                      233.3903613677678    1.000000000000000    0.000000000000000
wind0_height:12456.0_dir                      29.52637288856679    1.000000000000000    0.000000000000000
wind0_height:12456.0_vel                      67.59038297100457    1.000000000000000    0.000000000000000
wind0_height:14262.0_dir                      13.30383363151345    1.000000000000000    0.000000000000000
wind0_height:14262.0_vel                      74.70642451513430    1.000000000000000    0.000000000000000
wind0_height:1525.0_dir                      -2.072359559908725    1.000000000000000    0.000000000000000
wind0_height:1525.0_vel                      300.4313347869495    1.000000000000000    0.000000000000000
wind0_height:16622.0_dir                      8.466372771697383    1.000000000000000    0.000000000000000
wind0_height:16622.0_vel                      87.29748049794389    1.000000000000000    0.000000000000000
wind0_height:18640.0_dir                      -2.735779575183803    1.000000000000000    0.000000000000000
wind0_height:18640.0_vel                      89.19183119701049    1.000000000000000    0.000000000000000
wind0_height:20616.0_dir                      7.007217087894740    1.000000000000000    0.000000000000000
wind0_height:20616.0_vel                      89.94934773285030    1.000000000000000    0.000000000000000
wind0_height:23814.0_dir                      9.070381155500135    1.000000000000000    0.000000000000000
wind0_height:23814.0_vel                      255.8938591755920    1.000000000000000    0.000000000000000
wind0_height:26442.0_dir                      20.08929228165593    1.000000000000000    0.000000000000000
wind0_height:26442.0_vel                      260.3780593927252    1.000000000000000    0.000000000000000
wind0_height:3163.0_dir                      2.123422004544485    1.000000000000000    0.000000000000000
wind0_height:3163.0_vel                      342.1938159493947    1.000000000000000    0.000000000000000
wind0_height:4432.0_dir                      5.010193878290298    1.000000000000000    0.000000000000000
wind0_height:4432.0_vel                      16.97704238970708    1.000000000000000    0.000000000000000
wind0_height:5882.0_dir                      4.203561387844374    1.000000000000000    0.000000000000000
wind0_height:5882.0_vel                      80.70755496149664    1.000000000000000    0.000000000000000
wind0_height:7604.0_dir                      -3.243082704315960    1.000000000000000    0.000000000000000
wind0_height:7604.0_vel                      104.3705056308731    1.000000000000000    0.000000000000000
wind0_height:796.0_dir                      -6.671870516696233    1.000000000000000    0.000000000000000
wind0_height:796.0_vel                      268.7937615021668    1.000000000000000    0.000000000000000
wind0_height:9708.0_dir                      21.72641692857083    1.000000000000000    0.000000000000000
wind0_height:9708.0_vel                      54.24023292757575    1.000000000000000    0.000000000000000
