single point
          beta                      0.3420486831775713    1.000000000000000    0.000000000000000
diffusion_coefficient                      1720.048768629946    1.000000000000000    0.000000000000000
 eruption_mass                      21470552432.20728    1.000000000000000    0.000000000000000
fall_time_threshold                      848.2291995808343    1.000000000000000    0.000000000000000
median_grainsize                      -0.08056607383621009    1.000000000000000    0.000000000000000
  plume_height                      13775.54499471461    1.000000000000000    0.000000000000000
 std_grainsize                      2.297383545924651    1.000000000000000    0.000000000000000
wind0_height:10974.0_dir                      25.11673780445060    1.000000000000000    0.000000000000000
wind0_height:10974.0_vel                      62.94599486534914    1.000000000000000    0.000000000000000
wind0_height:112.0_dir                      6.334062898196213    1.000000000000000    0.000000000000000
wind0_height:112.0_vel                      248.7288484224721    1.000000000000000    0.000000000000000
wind0_height:12456.0_dir                      23.56356859418355    1.000000000000000    0.000000000000000
wind0_height:12456.0_vel                      63.16968164322329    1.000000000000000    0.000000000000000
wind0_height:14262.0_dir                      19.80497809377009    1.000000000000000    0.000000000000000
wind0_height:14262.0_vel                      71.98921182868926    1.000000000000000    0.000000000000000
wind0_height:1525.0_dir                      0.05595426977858246    1.000000000000000    0.000000000000000
wind0_height:1525.0_vel                      306.5962173342010    1.000000000000000    0.000000000000000
wind0_height:16622.0_dir                      14.86955479624274    1.000000000000000    0.000000000000000
wind0_height:16622.0_vel                      90.48067338380467    1.000000000000000    0.000000000000000
wind0_height:18640.0_dir                      6.415329490033531    1.000000000000000    0.000000000000000
wind0_height:18640.0_vel                      88.18100179670702    1.000000000000000    0.000000000000000
wind0_height:20616.0_dir                      9.799618485896426    1.000000000000000    0.000000000000000
wind0_height:20616.0_vel                      91.49882030506978    1.000000000000000    0.000000000000000
wind0_height:23814.0_dir                      3.637288326249416    1.000000000000000    0.000000000000000
wind0_height:23814.0_vel                      247.9793859259544    1.000000000000000    0.000000000000000
wind0_height:26442.0_dir                      13.25171036210714    1.000000000000000    0.000000000000000
wind0_height:26442.0_vel                      273.0703292533017    1.000000000000000    0.000000000000000
wind0_height:3163.0_dir                      -0.5532123804707225    1.000000000000000    0.000000000000000
wind0_height:3163.0_vel                      347.9643723663851    1.000000000000000    0.000000000000000
wind0_height:4432.0_dir                      -1.608742253752392    1.000000000000000    0.000000000000000
wind0_height:4432.0_vel                      17.34044213354277    1.000000000000000    0.000000000000000
wind0_height:5882.0_dir                      2.304712852756904    1.000000000000000    0.000000000000000
wind0_height:5882.0_vel                      80.08859856776017    1.000000000000000    0.000000000000000
wind0_height:7604.0_dir                      3.505075441211075    1.000000000000000    0.000000000000000
wind0_height:7604.0_vel                      100.0746635282384    1.000000000000000    0.000000000000000
wind0_height:796.0_dir                      2.293608830598326    1.000000000000000    0.000000000000000
wind0_height:796.0_vel                      276.0271171979089    1.000000000000000    0.000000000000000
wind0_height:9708.0_dir                      14.59853291009997    1.000000000000000    0.000000000000000
wind0_height:9708.0_vel                      57.15603431944126    1.000000000000000    0.000000000000000
