single point
          beta                      0.4156385191331459    1.000000000000000    0.000000000000000
diffusion_coefficient                      1518.206120954430    1.000000000000000    0.000000000000000
 eruption_mass                      23632591860.19405    1.000000000000000    0.000000000000000
fall_time_threshold                      824.1030315327988    1.000000000000000    0.000000000000000
median_grainsize                      -0.1890106937562944    1.000000000000000    0.000000000000000
  plume_height                      13695.04740898224    1.000000000000000    0.000000000000000
 std_grainsize                      2.256429268805968    1.000000000000000    0.000000000000000
wind0_height:10974.0_dir                      37.49984235569759    1.000000000000000    0.000000000000000
wind0_height:10974.0_vel                      61.11221181522808    1.000000000000000    0.000000000000000
wind0_height:112.0_dir                      6.471028162342581    1.000000000000000    0.000000000000000
wind0_height:112.0_vel                      239.7401660809286    1.000000000000000    0.000000000000000
wind0_height:12456.0_dir                      26.75620971909094    1.000000000000000    0.000000000000000
wind0_height:12456.0_vel                      65.58231201031613    1.000000000000000    0.000000000000000
wind0_height:14262.0_dir                      24.11522771254285    1.000000000000000    0.000000000000000
wind0_height:14262.0_vel                      72.34604303539257    1.000000000000000    0.000000000000000
wind0_height:1525.0_dir                      -1.082622420790713    1.000000000000000    0.000000000000000
wind0_height:1525.0_vel                      302.8466722262500    1.000000000000000    0.000000000000000
wind0_height:16622.0_dir                      11.41946639859748    1.000000000000000    0.000000000000000
wind0_height:16622.0_vel                      88.69959469808404    1.000000000000000    0.000000000000000
wind0_height:18640.0_dir                      1.522448497283399    1.000000000000000    0.000000000000000
wind0_height:18640.0_vel                      90.22130276437217    1.000000000000000    0.000000000000000
wind0_height:20616.0_dir                      7.317304257893596    1.000000000000000    0.000000000000000
wind0_height:20616.0_vel                      92.88193394465166    1.000000000000000    0.000000000000000
wind0_height:23814.0_dir                      7.948578700829369    1.000000000000000    0.000000000000000
wind0_height:23814.0_vel                      250.7534734470324    1.000000000000000    0.000000000000000
wind0_height:26442.0_dir                      17.24112175011800    1.000000000000000    0.000000000000000
wind0_height:26442.0_vel                      275.5838220243980    1.000000000000000    0.000000000000000
wind0_height:3163.0_dir                      0.2854791136210726    1.000000000000000    0.000000000000000
wind0_height:3163.0_vel                      342.0381332765407    1.000000000000000    0.000000000000000
wind0_height:4432.0_dir                      -0.1266296219578065    1.000000000000000    0.000000000000000
wind0_height:4432.0_vel                      17.37735306961564    1.000000000000000    0.000000000000000
wind0_height:5882.0_dir                      7.209576849386814    1.000000000000000    0.000000000000000
wind0_height:5882.0_vel                      81.15606286217167    1.000000000000000    0.000000000000000
wind0_height:7604.0_dir                      -4.156463379131521    1.000000000000000    0.000000000000000
wind0_height:7604.0_vel                      105.2615989882297    1.000000000000000    0.000000000000000
wind0_height:796.0_dir                      -4.264367383881114    1.000000000000000    0.000000000000000
wind0_height:796.0_vel                      277.9844867257336    1.000000000000000    0.000000000000000
wind0_height:9708.0_dir                      13.97073984763421    1.000000000000000    0.000000000000000
wind0_height:9708.0_vel                      56.27142331216879    1.000000000000000    0.000000000000000
