single point
          beta                      0.3376262409353918    1.000000000000000    0.000000000000000
diffusion_coefficient                      1731.267203698238    1.000000000000000    0.000000000000000
 eruption_mass                      21205886971.47988    1.000000000000000    0.000000000000000
fall_time_threshold                      849.0899504803818    1.000000000000000    0.000000000000000
median_grainsize                      -0.07523884812254260    1.000000000000000    0.000000000000000
  plume_height                      13787.31852717564    1.000000000000000    0.000000000000000
 std_grainsize                      2.290653790124042    1.000000000000000    0.000000000000000
wind0_height:10974.0_dir                      23.91893870405306    1.000000000000000    0.000000000000000
wind0_height:10974.0_vel                      63.11445981552362    1.000000000000000    0.000000000000000
wind0_height:112.0_dir                      6.648970331992407    1.000000000000000    0.000000000000000
wind0_height:112.0_vel                      249.4427727832767    1.000000000000000    0.000000000000000
wind0_height:12456.0_dir                      23.33709414381549    1.000000000000000    0.000000000000000
wind0_height:12456.0_vel                      62.96056227848930    1.000000000000000    0.000000000000000
wind0_height:14262.0_dir                      19.75202188902838    1.000000000000000    0.000000000000000
wind0_height:14262.0_vel                      71.94078598660134    1.000000000000000    0.000000000000000
wind0_height:1525.0_dir                      0.01310148118660592    1.000000000000000    0.000000000000000
wind0_height:1525.0_vel                      306.2159058559069    1.000000000000000    0.000000000000000
wind0_height:16622.0_dir                      15.21054254052765    1.000000000000000    0.000000000000000
wind0_height:16622.0_vel                      90.46877931829317    1.000000000000000    0.000000000000000
wind0_height:18640.0_dir                      6.883716981399925    1.000000000000000    0.000000000000000
wind0_height:18640.0_vel                      87.96669834005689    1.000000000000000    0.000000000000000
wind0_height:20616.0_dir                      10.00832296316002    1.000000000000000    0.000000000000000
wind0_height:20616.0_vel                      91.27751092215496    1.000000000000000    0.000000000000000
wind0_height:23814.0_dir                      3.660793519478751    1.000000000000000    0.000000000000000
wind0_height:23814.0_vel                      247.8633585252156    1.000000000000000    0.000000000000000
wind0_height:26442.0_dir                      12.66097220201547    1.000000000000000    0.000000000000000
wind0_height:26442.0_vel                      272.4880962354335    1.000000000000000    0.000000000000000
wind0_height:3163.0_dir                      -0.2683821238286044    1.000000000000000    0.000000000000000
wind0_height:3163.0_vel                      348.6522764156783    1.000000000000000    0.000000000000000
wind0_height:4432.0_dir                      -1.823595323109495    1.000000000000000    0.000000000000000
wind0_height:4432.0_vel                      17.35914693758768    1.000000000000000    0.000000000000000
wind0_height:5882.0_dir                      2.350952266750014    1.000000000000000    0.000000000000000
wind0_height:5882.0_vel                      80.04590537882657    1.000000000000000    0.000000000000000
wind0_height:7604.0_dir                      4.170661426840155    1.000000000000000    0.000000000000000
wind0_height:7604.0_vel                      99.65095259263521    1.000000000000000    0.000000000000000
wind0_height:796.0_dir                      2.985172899422489    1.000000000000000    0.000000000000000
wind0_height:796.0_vel                      275.8743531609164    1.000000000000000    0.000000000000000
wind0_height:9708.0_dir                      14.50880779018177    1.000000000000000    0.000000000000000
wind0_height:9708.0_vel                      57.19320230926738    1.000000000000000    0.000000000000000
