single point
          beta                      0.3377273263942629    1.000000000000000    0.000000000000000
diffusion_coefficient                      1731.294844093953    1.000000000000000    0.000000000000000
 eruption_mass                      21210584027.75511    1.000000000000000    0.000000000000000
fall_time_threshold                      849.0455970116058    1.000000000000000    0.000000000000000
median_grainsize                      -0.07553770742929564    1.000000000000000    0.000000000000000
  plume_height                      13787.22381042039    1.000000000000000    0.000000000000000
 std_grainsize                      2.290717174841172    1.000000000000000    0.000000000000000
wind0_height:10974.0_dir                      23.94695629538410    1.000000000000000    0.000000000000000
wind0_height:10974.0_vel                      63.11161159347242    1.000000000000000    0.000000000000000
wind0_height:112.0_dir                      6.632719157428914    1.000000000000000    0.000000000000000
wind0_height:112.0_vel                      249.4272493185478    1.000000000000000    0.000000000000000
wind0_height:12456.0_dir                      23.32486514595115    1.000000000000000    0.000000000000000
wind0_height:12456.0_vel                      62.96007568654189    1.000000000000000    0.000000000000000
wind0_height:14262.0_dir                      19.74987840701039    1.000000000000000    0.000000000000000
wind0_height:14262.0_vel                      71.93972305155393    1.000000000000000    0.000000000000000
wind0_height:1525.0_dir                      0.009609139661476560    1.000000000000000    0.000000000000000
wind0_height:1525.0_vel                      306.2379643954156    1.000000000000000    0.000000000000000
wind0_height:16622.0_dir                      15.20471957740418    1.000000000000000    0.000000000000000
wind0_height:16622.0_vel                      90.47189520072642    1.000000000000000    0.000000000000000
wind0_height:18640.0_dir                      6.881310040594315    1.000000000000000    0.000000000000000
wind0_height:18640.0_vel                      87.96371435222338    1.000000000000000    0.000000000000000
wind0_height:20616.0_dir                      9.998960630651997    1.000000000000000    0.000000000000000
wind0_height:20616.0_vel                      91.28581897141891    1.000000000000000    0.000000000000000
wind0_height:23814.0_dir                      3.646404350206035    1.000000000000000    0.000000000000000
wind0_height:23814.0_vel                      247.8712151675916    1.000000000000000    0.000000000000000
wind0_height:26442.0_dir                      12.66751594080824    1.000000000000000    0.000000000000000
wind0_height:26442.0_vel                      272.4911639344658    1.000000000000000    0.000000000000000
wind0_height:3163.0_dir                      -0.2768731617431455    1.000000000000000    0.000000000000000
wind0_height:3163.0_vel                      348.6271645984440    1.000000000000000    0.000000000000000
wind0_height:4432.0_dir                      -1.814769839726150    1.000000000000000    0.000000000000000
wind0_height:4432.0_vel                      17.36015808195697    1.000000000000000    0.000000000000000
wind0_height:5882.0_dir                      2.355583144176192    1.000000000000000    0.000000000000000
wind0_height:5882.0_vel                      80.04840587439755    1.000000000000000    0.000000000000000
wind0_height:7604.0_dir                      4.161053898444705    1.000000000000000    0.000000000000000
wind0_height:7604.0_vel                      99.65686136174446    1.000000000000000    0.000000000000000
wind0_height:796.0_dir                      2.964631424988588    1.000000000000000    0.000000000000000
wind0_height:796.0_vel                      275.8833020225464    1.000000000000000    0.000000000000000
wind0_height:9708.0_dir                      14.50197240252378    1.000000000000000    0.000000000000000
wind0_height:9708.0_vel                      57.19306574505319    1.000000000000000    0.000000000000000
