single point
          beta                      0.3810350769654289    1.000000000000000    0.000000000000000
diffusion_coefficient                      1627.037393906165    1.000000000000000    0.000000000000000
 eruption_mass                      23035346130.79969    1.000000000000000    0.000000000000000
fall_time_threshold                      832.1968677260837    1.000000000000000    0.000000000000000
median_grainsize                      -0.1388368273231800    1.000000000000000    0.000000000000000
  plume_height                      13675.98098149841    1.000000000000000    0.000000000000000
 std_grainsize                      2.313271108105436    1.000000000000000    0.000000000000000
wind0_height:10974.0_dir                      33.20416848187797    1.000000000000000    0.000000000000000
wind0_height:10974.0_vel                      61.31872688014735    1.000000000000000    0.000000000000000
wind0_height:112.0_dir                      5.792613933841082    1.000000000000000    0.000000000000000
wind0_height:112.0_vel                      245.3434001872400    1.000000000000000    0.000000000000000
wind0_height:12456.0_dir                      25.25928328012995    1.000000000000000    0.000000000000000
wind0_height:12456.0_vel                      64.93170573772758    1.000000000000000    0.000000000000000
wind0_height:14262.0_dir                      21.92061605717275    1.000000000000000    0.000000000000000
wind0_height:14262.0_vel                      72.34505072560074    1.000000000000000    0.000000000000000
wind0_height:1525.0_dir                      0.3966244161677890    1.000000000000000    0.000000000000000
wind0_height:1525.0_vel                      304.7613207677470    1.000000000000000    0.000000000000000
wind0_height:16622.0_dir                      12.11465226351823    1.000000000000000    0.000000000000000
wind0_height:16622.0_vel                      90.76576369246246    1.000000000000000    0.000000000000000
wind0_height:18640.0_dir                      2.012748444493529    1.000000000000000    0.000000000000000
wind0_height:18640.0_vel                      88.90986138099385    1.000000000000000    0.000000000000000
wind0_height:20616.0_dir                      6.854196316773034    1.000000000000000    0.000000000000000
wind0_height:20616.0_vel                      92.65298839134928    1.000000000000000    0.000000000000000
wind0_height:23814.0_dir                      3.406861637656552    1.000000000000000    0.000000000000000
wind0_height:23814.0_vel                      251.6596636348531    1.000000000000000    0.000000000000000
wind0_height:26442.0_dir                      19.66804203951738    1.000000000000000    0.000000000000000
wind0_height:26442.0_vel                      275.0404209109660    1.000000000000000    0.000000000000000
wind0_height:3163.0_dir                      -0.9671489159840694    1.000000000000000    0.000000000000000
wind0_height:3163.0_vel                      341.1004241910396    1.000000000000000    0.000000000000000
wind0_height:4432.0_dir                      -2.257634407718628    1.000000000000000    0.000000000000000
wind0_height:4432.0_vel                      17.20465489973763    1.000000000000000    0.000000000000000
wind0_height:5882.0_dir                      3.391622545445543    1.000000000000000    0.000000000000000
wind0_height:5882.0_vel                      80.87947759691538    1.000000000000000    0.000000000000000
wind0_height:7604.0_dir                      0.9542079404168184    1.000000000000000    0.000000000000000
wind0_height:7604.0_vel                      104.0954485086001    1.000000000000000    0.000000000000000
wind0_height:796.0_dir                      -2.577874309096977    1.000000000000000    0.000000000000000
wind0_height:796.0_vel                      277.4009046381645    1.000000000000000    0.000000000000000
wind0_height:9708.0_dir                      15.87187593146749    1.000000000000000    0.000000000000000
wind0_height:9708.0_vel                      57.21566391074146    1.000000000000000    0.000000000000000
