single point
          beta                      0.3180746161155789    1.000000000000000    0.000000000000000
diffusion_coefficient                      1722.826928046694    1.000000000000000    0.000000000000000
 eruption_mass                      21859325277.98988    1.000000000000000    0.000000000000000
fall_time_threshold                      851.3466868791510    1.000000000000000    0.000000000000000
median_grainsize                      -0.002193322228332916    1.000000000000000    0.000000000000000
  plume_height                      13862.14568425195    1.000000000000000    0.000000000000000
 std_grainsize                      2.296213320706534    1.000000000000000    0.000000000000000
wind0_height:10974.0_dir                      17.40596871739335    1.000000000000000    0.000000000000000
wind0_height:10974.0_vel                      63.43907178272355    1.000000000000000    0.000000000000000
wind0_height:112.0_dir                      5.174429714397252    1.000000000000000    0.000000000000000
wind0_height:112.0_vel                      251.7701556402162    1.000000000000000    0.000000000000000
wind0_height:12456.0_dir                      19.70301828554472    1.000000000000000    0.000000000000000
wind0_height:12456.0_vel                      62.64530203753448    1.000000000000000    0.000000000000000
wind0_height:14262.0_dir                      18.87174793731216    1.000000000000000    0.000000000000000
wind0_height:14262.0_vel                      72.64872800691360    1.000000000000000    0.000000000000000
wind0_height:1525.0_dir                      2.804523459518172    1.000000000000000    0.000000000000000
wind0_height:1525.0_vel                      302.7377532220902    1.000000000000000    0.000000000000000
wind0_height:16622.0_dir                      17.35458474166153    1.000000000000000    0.000000000000000
wind0_height:16622.0_vel                      90.62165248393295    1.000000000000000    0.000000000000000
wind0_height:18640.0_dir                      10.32907000020958    1.000000000000000    0.000000000000000
wind0_height:18640.0_vel                      87.54064823367142    1.000000000000000    0.000000000000000
wind0_height:20616.0_dir                      8.730650668444179    1.000000000000000    0.000000000000000
wind0_height:20616.0_vel                      90.89708631873654    1.000000000000000    0.000000000000000
wind0_height:23814.0_dir                      3.495392122684417    1.000000000000000    0.000000000000000
wind0_height:23814.0_vel                      247.9237440000483    1.000000000000000    0.000000000000000
wind0_height:26442.0_dir                      11.83761635389870    1.000000000000000    0.000000000000000
wind0_height:26442.0_vel                      271.0435499373474    1.000000000000000    0.000000000000000
wind0_height:3163.0_dir                      0.9659197743442393    1.000000000000000    0.000000000000000
wind0_height:3163.0_vel                      344.9108683091150    1.000000000000000    0.000000000000000
wind0_height:4432.0_dir                      0.8658617569691541    1.000000000000000    0.000000000000000
wind0_height:4432.0_vel                      17.30471422992626    1.000000000000000    0.000000000000000
wind0_height:5882.0_dir                      4.017311355794897    1.000000000000000    0.000000000000000
wind0_height:5882.0_vel                      81.55903507556091    1.000000000000000    0.000000000000000
wind0_height:7604.0_dir                      7.829171320572200    1.000000000000000    0.000000000000000
wind0_height:7604.0_vel                      98.68292902316300    1.000000000000000    0.000000000000000
wind0_height:796.0_dir                      6.375188883456930    1.000000000000000    0.000000000000000
wind0_height:796.0_vel                      274.3874591142866    1.000000000000000    0.000000000000000
wind0_height:9708.0_dir                      14.36204424507680    1.000000000000000    0.000000000000000
wind0_height:9708.0_vel                      56.89956517334213    1.000000000000000    0.000000000000000
