single point
          beta                      0.3200809553913135    1.000000000000000    0.000000000000000
diffusion_coefficient                      1730.192479231658    1.000000000000000    0.000000000000000
 eruption_mass                      21784847724.92382    1.000000000000000    0.000000000000000
fall_time_threshold                      851.2911997099409    1.000000000000000    0.000000000000000
median_grainsize                      -0.009330801335461918    1.000000000000000    0.000000000000000
  plume_height                      13856.57524079690    1.000000000000000    0.000000000000000
 std_grainsize                      2.296900961022037    1.000000000000000    0.000000000000000
wind0_height:10974.0_dir                      18.01459005269015    1.000000000000000    0.000000000000000
wind0_height:10974.0_vel                      63.43502350414364    1.000000000000000    0.000000000000000
wind0_height:112.0_dir                      5.351579444366946    1.000000000000000    0.000000000000000
wind0_height:112.0_vel                      251.5664531836519    1.000000000000000    0.000000000000000
wind0_height:12456.0_dir                      19.93815271220953    1.000000000000000    0.000000000000000
wind0_height:12456.0_vel                      62.69707102526368    1.000000000000000    0.000000000000000
wind0_height:14262.0_dir                      18.71156450175861    1.000000000000000    0.000000000000000
wind0_height:14262.0_vel                      72.54267980585546    1.000000000000000    0.000000000000000
wind0_height:1525.0_dir                      2.504656053436432    1.000000000000000    0.000000000000000
wind0_height:1525.0_vel                      303.2115373293596    1.000000000000000    0.000000000000000
wind0_height:16622.0_dir                      17.37714306060506    1.000000000000000    0.000000000000000
wind0_height:16622.0_vel                      90.64457926540335    1.000000000000000    0.000000000000000
wind0_height:18640.0_dir                      10.09836104379033    1.000000000000000    0.000000000000000
wind0_height:18640.0_vel                      87.62974356688274    1.000000000000000    0.000000000000000
wind0_height:20616.0_dir                      8.696821884769333    1.000000000000000    0.000000000000000
wind0_height:20616.0_vel                      90.89181357753584    1.000000000000000    0.000000000000000
wind0_height:23814.0_dir                      3.700872512973720    1.000000000000000    0.000000000000000
wind0_height:23814.0_vel                      247.9609399613942    1.000000000000000    0.000000000000000
wind0_height:26442.0_dir                      11.92028716748749    1.000000000000000    0.000000000000000
wind0_height:26442.0_vel                      271.0942568442161    1.000000000000000    0.000000000000000
wind0_height:3163.0_dir                      0.6649106642689271    1.000000000000000    0.000000000000000
wind0_height:3163.0_vel                      345.3865275536936    1.000000000000000    0.000000000000000
wind0_height:4432.0_dir                      0.4851063221176312    1.000000000000000    0.000000000000000
wind0_height:4432.0_vel                      17.30822340882220    1.000000000000000    0.000000000000000
wind0_height:5882.0_dir                      3.930671953074955    1.000000000000000    0.000000000000000
wind0_height:5882.0_vel                      81.49451158791844    1.000000000000000    0.000000000000000
wind0_height:7604.0_dir                      7.587367707634900    1.000000000000000    0.000000000000000
wind0_height:7604.0_vel                      98.82416195955788    1.000000000000000    0.000000000000000
wind0_height:796.0_dir                      5.928849385689694    1.000000000000000    0.000000000000000
wind0_height:796.0_vel                      274.3837709962042    1.000000000000000    0.000000000000000
wind0_height:9708.0_dir                      14.34227199341578    1.000000000000000    0.000000000000000
wind0_height:9708.0_vel                      56.96576061439139    1.000000000000000    0.000000000000000
