108  6.799999999999999822364316060  2.45699999999999988631316e+02
791  6.200000000000000177635683940  2.67199999999999988631316e+02
1519  2.5000000000000000000000000000  2.966000000000000227373675e+02
3157  2.7000000000000001776356839400  3.090000000000000000000000e+02
4424  2.1000000000000000888178419700  3.091000000000000227373675e+02
5873  1.6999999999999999555910790150  1.398000000000000113686838e+02
7597  4.0999999999999996447286321199  88.599999999999994315658113919
9703  10.699999999999999289457264240  52.600000000000001421085471520
10970  14.9000000000000003552713678801  49.3999999999999985789145284798
12450  16.6000000000000014210854715202  45.7000000000000028421709430404
14251  13.9000000000000003552713678801  70.2999999999999971578290569596
16592  10.0999999999999996447286321199  1.1829999999999999715782906e+02
18615  7.00000000000000000000000000000  80.9000000000000056843418860808
20606  10.1999999999999992894572642399  86.5999999999999943156581139192
23792  0.90000000000000002220446049250  54.5000000000000000000000000000
26400  15.9000000000000003552713678801  2.7250000000000000000000000e+02
31031  32.3999999999999985789145284798  2.6769999999999998863131623e+02
