108  5.299999999999999822364316060  2.36599999999999994315658e+02
791  4.000000000000000000000000000  2.52500000000000000000000e+02
1522  0.9000000000000000222044604925  6.2999999999999998223643160600
3159  3.2999999999999998223643160600  79.400000000000005684341886081
4424  2.2999999999999998223643160600  50.200000000000002842170943040
5874  4.4000000000000003552713678801  99.200000000000002842170943040
7597  8.4000000000000003552713678801  90.700000000000002842170943040
9697  8.5000000000000000000000000000  85.299999999999997157829056960
10959  11.0000000000000000000000000000  83.2000000000000028421709430404
12437  13.8000000000000007105427357601  75.2999999999999971578290569596
14238  13.9000000000000003552713678801  1.0029999999999999715782906e+02
16586  8.30000000000000071054273576010  70.9000000000000056843418860808
18608  8.50000000000000000000000000000  78.4000000000000056843418860808
20595  7.50000000000000000000000000000  72.0999999999999943156581139192
23802  7.90000000000000035527136788005  2.6780000000000001136868377e+02
26418  16.6000000000000014210854715202  2.7139999999999997726263246e+02
