108  6.200000000000000177635683940  2.43699999999999988631316e+02
791  5.299999999999999822364316060  2.61600000000000022737368e+02
1520  1.8999999999999999111821580300  3.108000000000000113686838e+02
3157  1.5000000000000000000000000000  4.9000000000000003552713678801
4421  1.8999999999999999111821580300  3.555000000000000000000000e+02
5870  2.7000000000000001776356839400  86.799999999999997157829056960
7593  5.7000000000000001776356839400  76.000000000000000000000000000
9696  8.6999999999999992894572642399  62.000000000000000000000000000
10961  12.4000000000000003552713678801  63.6000000000000014210854715202
12438  15.1999999999999992894572642399  63.3999999999999985789145284798
14239  15.0000000000000000000000000000  87.7999999999999971578290569596
16587  9.69999999999999928945726423990  99.0999999999999943156581139192
18611  7.40000000000000035527136788005  75.2999999999999971578290569596
20599  7.70000000000000017763568394003  79.0000000000000000000000000000
23802  4.09999999999999964472863211995  2.5850000000000000000000000e+02
26423  15.4000000000000003552713678801  2.7130000000000001136868377e+02
