PLUME_MODEL=[2]Beta Distribution with ALPHA and BETA parameteres
EXIT[get_points]:Read 64 points.
ENTER[get_wind].
[0] 780.000000 6.385965 272.199415
[1] 845.382032 6.196782 274.711861
[2] 910.764065 5.927720 277.375573
[3] 976.146097 5.658658 280.039285
[4] 1041.528129 5.389596 282.702998
[5] 1106.910162 5.120534 285.366710
[6] 1172.292194 4.851472 288.030423
[7] 1237.674226 4.582411 290.694135
[8] 1303.056258 4.313349 293.357848
[9] 1368.438291 4.044287 296.021560
[10] 1433.820323 3.775225 298.685272
[11] 1499.202355 3.506163 301.348985
[12] 1564.584388 3.342001 303.419818
[13] 1629.966420 3.246203 305.104263
[14] 1695.348452 3.150405 306.788709
[15] 1760.730485 3.054607 308.473154
[16] 1826.112517 2.958809 310.157600
[17] 1891.494549 2.863012 311.842045
[18] 1956.876581 2.767214 313.526491
[19] 2022.258614 2.671416 315.210936
[20] 2087.640646 2.575618 316.895382
[21] 2153.022678 2.479820 318.579827
[22] 2218.404711 2.384022 320.264273
[23] 2283.786743 2.288225 321.948718
[24] 2349.168775 2.192427 323.633164
[25] 2414.550808 2.096629 325.317609
[26] 2479.932840 2.000831 327.002055
[27] 2545.314872 1.905033 328.686500
[28] 2610.696904 1.809235 330.370946
[29] 2676.078937 1.713437 332.055391
[30] 2741.460969 1.617640 333.739837
[31] 2806.843001 1.521842 335.424282
[32] 2872.225034 1.426044 337.108728
[33] 2937.607066 1.330246 338.793173
[34] 3002.989098 1.234448 340.477619
[35] 3068.371131 1.138650 342.162065
[36] 3133.753163 1.042853 343.846510
[37] 3199.135195 1.005695 335.280024
[38] 3264.517228 1.016000 318.416715
[39] 3329.899260 1.026304 301.553406
[40] 3395.281292 1.036609 284.690097
[41] 3460.663324 1.046913 267.826788
[42] 3526.045357 1.057218 250.963479
[43] 3591.427389 1.067522 234.100170
[44] 3656.809421 1.077827 217.236861
[45] 3722.191454 1.088131 200.373552
[46] 3787.573486 1.098436 183.510243
[47] 3852.955518 1.108740 166.646934
[48] 3918.337551 1.119045 149.783625
[49] 3983.719583 1.129349 132.920316
[50] 4049.101615 1.139654 116.057007
[51] 4114.483647 1.149958 99.193698
[52] 4179.865680 1.160263 82.330389
[53] 4245.247712 1.170567 65.467079
[54] 4310.629744 1.180872 48.603770
[55] 4376.011777 1.191176 31.740461
[56] 4441.393809 1.209718 17.714623
[57] 4506.775841 1.277354 20.600451
[58] 4572.157874 1.344991 23.486279
[59] 4637.539906 1.412627 26.372106
[60] 4702.921938 1.480264 29.257934
[61] 4768.303970 1.547901 32.143761
[62] 4833.686003 1.615537 35.029589
[63] 4899.068035 1.683174 37.915417
[64] 4964.450067 1.750810 40.801244
[65] 5029.832100 1.818447 43.687072
[66] 5095.214132 1.886084 46.572900
[67] 5160.596164 1.953720 49.458727
[68] 5225.978197 2.021357 52.344555
[69] 5291.360229 2.088993 55.230383
[70] 5356.742261 2.156630 58.116210
[71] 5422.124293 2.224267 61.002038
[72] 5487.506326 2.291903 63.887865
[73] 5552.888358 2.359540 66.773693
[74] 5618.270390 2.427176 69.659521
[75] 5683.652423 2.494813 72.545348
[76] 5749.034455 2.562449 75.431176
[77] 5814.416487 2.630086 78.317004
[78] 5879.798520 2.697723 81.202831
[79] 5945.180552 2.861437 81.909058
[80] 6010.562584 3.028499 82.539337
[81] 6075.944617 3.195561 83.169617
[82] 6141.326649 3.362623 83.799897
[83] 6206.708681 3.529685 84.430177
[84] 6272.090713 3.696747 85.060456
[85] 6337.472746 3.863810 85.690736
[86] 6402.854778 4.030872 86.321016
[87] 6468.236810 4.197934 86.951296
[88] 6533.618843 4.364996 87.581575
[89] 6599.000875 4.532058 88.211855
[90] 6664.382907 4.699120 88.842135
[91] 6729.764940 4.866182 89.472415
[92] 6795.146972 5.033244 90.102694
[93] 6860.529004 5.200306 90.732974
[94] 6925.911036 5.367369 91.363254
[95] 6991.293069 5.534431 91.993534
[96] 7056.675101 5.701493 92.623813
[97] 7122.057133 5.868555 93.254093
[98] 7187.439166 6.035617 93.884373
[99] 7252.821198 6.202679 94.514653
[100] 7318.203230 6.369741 95.144932
[101] 7383.585263 6.536803 95.775212
[102] 7448.967295 6.703865 96.405492
[103] 7514.349327 6.870927 97.035772
[104] 7579.731359 7.037990 97.666051
[105] 7645.113392 7.217244 97.091020
[106] 7710.495424 7.403694 95.804510
[107] 7775.877456 7.590145 94.518001
[108] 7841.259489 7.776596 93.231491
[109] 7906.641521 7.963046 91.944981
[110] 7972.023553 8.149497 90.658472
[111] 8037.405586 8.335947 89.371962
[112] 8102.787618 8.522398 88.085453
[113] 8168.169650 8.708849 86.798943
[114] 8233.551683 8.895299 85.512434
[115] 8298.933715 9.081750 84.225924
[116] 8364.315747 9.268201 82.939414
[117] 8429.697779 9.454651 81.652905
[118] 8495.079812 9.641102 80.366395
[119] 8560.461844 9.827553 79.079886
[120] 8625.843876 10.014003 77.793376
[121] 8691.225909 10.200454 76.506867
[122] 8756.607941 10.386905 75.220357
[123] 8821.989973 10.573355 73.933847
[124] 8887.372006 10.759806 72.647338
[125] 8952.754038 10.946257 71.360828
[126] 9018.136070 11.132707 70.074319
[127] 9083.518102 11.319158 68.787809
[128] 9148.900135 11.505609 67.501300
[129] 9214.282167 11.692059 66.214790
[130] 9279.664199 11.878510 64.928280
[131] 9345.046232 12.064961 63.641771
[132] 9410.428264 12.251411 62.355261
[133] 9475.810296 12.437862 61.068752
[134] 9541.192329 12.624313 59.782242
[135] 9606.574361 12.810763 58.495733
[136] 9671.956393 12.997214 57.209223
[137] 9737.338425 13.183427 56.655267
[138] 9802.720458 13.369347 57.001285
[139] 9868.102490 13.555268 57.347304
[140] 9933.484522 13.741188 57.693323
[141] 9998.866555 13.927109 58.039341
[142] 10064.248587 14.113029 58.385360
[143] 10129.630619 14.298950 58.731378
[144] 10195.012652 14.484870 59.077397
[145] 10260.394684 14.670791 59.423416
[146] 10325.776716 14.856711 59.769434
[147] 10391.158749 15.042632 60.115453
[148] 10456.540781 15.228552 60.461472
[149] 10521.922813 15.414472 60.807490
[150] 10587.304845 15.600393 61.153509
[151] 10652.686878 15.786313 61.499528
[152] 10718.068910 15.972234 61.845546
[153] 10783.450942 16.158154 62.191565
[154] 10848.832975 16.344075 62.537584
[155] 10914.215007 16.529995 62.883602
[156] 10979.597039 16.705665 63.198112
[157] 11044.979072 16.771841 63.176053
[158] 11110.361104 16.838017 63.153994
[159] 11175.743136 16.904193 63.131936
[160] 11241.125168 16.970370 63.109877
[161] 11306.507201 17.036546 63.087818
[162] 11371.889233 17.102722 63.065759
[163] 11437.271265 17.168898 63.043701
[164] 11502.653298 17.235074 63.021642
[165] 11568.035330 17.301250 62.999583
[166] 11633.417362 17.367426 62.977525
[167] 11698.799395 17.433603 62.955466
[168] 11764.181427 17.499779 62.933407
[169] 11829.563459 17.565955 62.911348
[170] 11894.945491 17.632131 62.889290
[171] 11960.327524 17.698307 62.867231
[172] 12025.709556 17.764483 62.845172
[173] 12091.091588 17.830660 62.823113
[174] 12156.473621 17.896836 62.801055
[175] 12221.855653 17.963012 62.778996
[176] 12287.237685 18.029188 62.756937
[177] 12352.619718 18.095364 62.734879
[178] 12418.001750 18.161540 62.712820
[179] 12483.383782 18.230325 62.848594
[180] 12548.765814 18.302731 63.203380
[181] 12614.147847 18.375136 63.558167
[182] 12679.529879 18.447541 63.912953
[183] 12744.911911 18.519947 64.267739
[184] 12810.293944 18.592352 64.622525
[185] 12875.675976 18.664757 64.977311
[186] 12941.058008 18.737163 65.332098
[187] 13006.440041 18.809568 65.686884
[188] 13071.822073 18.881974 66.041670
[189] 13137.204105 18.954379 66.396456
[190] 13202.586138 19.026784 66.751243
[191] 13267.968170 19.099190 67.106029
[192] 13333.350202 19.171595 67.460815
[193] 13398.732234 19.244000 67.815601
[194] 13464.114267 19.316406 68.170387
[195] 13529.496299 19.388811 68.525174
[196] 13594.878331 19.461216 68.879960
[197] 13660.260364 19.533622 69.234746
[198] 13725.642396 19.606027 69.589532
[199] 13791.024428 19.678432 69.944319
[200] 13856.406461 19.750838 70.299105
	Read 1 wind days with 201 wind levels per day.
EXIT[get_wind].
Finished.
