112  5.799999999999999822364316060  2.51300000000000011368684e+02
796  6.400000000000000355271367880  2.72699999999999988631316e+02
1525  3.3999999999999999111821580300  3.023999999999999772626325e+02
3163  1.0000000000000000000000000000  3.446000000000000227373675e+02
4432  1.1999999999999999555910790150  17.300000000000000710542735760
5882  2.7000000000000001776356839400  81.299999999999997157829056960
7604  7.0999999999999996447286321199  97.900000000000005684341886081
9708  13.099999999999999644728632120  56.500000000000000000000000000
10974  16.6999999999999992894572642399  63.2000000000000028421709430404
12456  18.1999999999999992894572642399  62.7000000000000028421709430404
14262  20.1999999999999992894572642399  72.5000000000000000000000000000
16622  17.3999999999999985789145284798  90.7000000000000028421709430404
18640  10.3000000000000007105427357601  88.0000000000000000000000000000
20616  8.90000000000000035527136788005  90.5000000000000000000000000000
23814  2.00000000000000000000000000000  2.4830000000000001136868377e+02
26442  10.9000000000000003552713678801  2.7089999999999997726263246e+02
