single point
          beta                      0.3993675184268631    1.000000000000000    0.000000000000000
diffusion_coefficient                      904.6598911933838    1.000000000000000    0.000000000000000
 eruption_mass                      42716876904.97647    1.000000000000000    0.000000000000000
fall_time_threshold                      796.9426591192076    1.000000000000000    0.000000000000000
median_grainsize                      -0.3574183417237334    1.000000000000000    0.000000000000000
  plume_height                      12969.81596780149    1.000000000000000    0.000000000000000
 std_grainsize                      2.536408531055796    1.000000000000000    0.000000000000000
wind0_height:10974.0_dir                      34.59069771499484    1.000000000000000    0.000000000000000
wind0_height:10974.0_vel                      62.53356628779547    1.000000000000000    0.000000000000000
wind0_height:112.0_dir                      -2.594466297338945    1.000000000000000    0.000000000000000
wind0_height:112.0_vel                      252.3898474320011    1.000000000000000    0.000000000000000
wind0_height:12456.0_dir                      67.43762032521538    1.000000000000000    0.000000000000000
wind0_height:12456.0_vel                      55.27666456505780    1.000000000000000    0.000000000000000
wind0_height:14262.0_dir                      15.11665852305879    1.000000000000000    0.000000000000000
wind0_height:14262.0_vel                      73.47169425518440    1.000000000000000    0.000000000000000
wind0_height:1525.0_dir                      5.892151326989012    1.000000000000000    0.000000000000000
wind0_height:1525.0_vel                      324.5945803382842    1.000000000000000    0.000000000000000
wind0_height:16622.0_dir                      -16.98497129591109    1.000000000000000    0.000000000000000
wind0_height:16622.0_vel                      93.92515638131140    1.000000000000000    0.000000000000000
wind0_height:18640.0_dir                      -4.537728101293474    1.000000000000000    0.000000000000000
wind0_height:18640.0_vel                      94.27719925572553    1.000000000000000    0.000000000000000
wind0_height:20616.0_dir                      6.705927814623339    1.000000000000000    0.000000000000000
wind0_height:20616.0_vel                      82.67957212759434    1.000000000000000    0.000000000000000
wind0_height:23814.0_dir                      9.280273467453419    1.000000000000000    0.000000000000000
wind0_height:23814.0_vel                      273.6827186685239    1.000000000000000    0.000000000000000
wind0_height:26442.0_dir                      30.56883767063750    1.000000000000000    0.000000000000000
wind0_height:26442.0_vel                      261.6274139834081    1.000000000000000    0.000000000000000
wind0_height:3163.0_dir                      -0.2560525247331750    1.000000000000000    0.000000000000000
wind0_height:3163.0_vel                      390.0460111743903    1.000000000000000    0.000000000000000
wind0_height:4432.0_dir                      -0.5616674504888615    1.000000000000000    0.000000000000000
wind0_height:4432.0_vel                      18.76162358150258    1.000000000000000    0.000000000000000
wind0_height:5882.0_dir                      8.865281014239457    1.000000000000000    0.000000000000000
wind0_height:5882.0_vel                      71.40806070847773    1.000000000000000    0.000000000000000
wind0_height:7604.0_dir                      -8.794619733466144    1.000000000000000    0.000000000000000
wind0_height:7604.0_vel                      95.12362732441974    1.000000000000000    0.000000000000000
wind0_height:796.0_dir                      -24.92632558037026    1.000000000000000    0.000000000000000
wind0_height:796.0_vel                      290.9855008515682    1.000000000000000    0.000000000000000
wind0_height:9708.0_dir                      49.13410297920157    1.000000000000000    0.000000000000000
wind0_height:9708.0_vel                      54.89105256977388    1.000000000000000    0.000000000000000
