single point
          beta                      0.3931008749773647    1.000000000000000    0.000000000000000
diffusion_coefficient                      759.2551497332327    1.000000000000000    0.000000000000000
 eruption_mass                      45296802282.74606    1.000000000000000    0.000000000000000
fall_time_threshold                      806.0461903450739    1.000000000000000    0.000000000000000
median_grainsize                      -0.5307696215645392    1.000000000000000    0.000000000000000
  plume_height                      12959.78673846923    1.000000000000000    0.000000000000000
 std_grainsize                      2.575908689673127    1.000000000000000    0.000000000000000
wind0_height:10974.0_dir                      17.37556762613012    1.000000000000000    0.000000000000000
wind0_height:10974.0_vel                      60.03778176422237    1.000000000000000    0.000000000000000
wind0_height:112.0_dir                      -0.2445923462593083    1.000000000000000    0.000000000000000
wind0_height:112.0_vel                      253.9591987480813    1.000000000000000    0.000000000000000
wind0_height:12456.0_dir                      74.89060660740432    1.000000000000000    0.000000000000000
wind0_height:12456.0_vel                      48.60630816541545    1.000000000000000    0.000000000000000
wind0_height:14262.0_dir                      12.66467307640580    1.000000000000000    0.000000000000000
wind0_height:14262.0_vel                      74.44157107524349    1.000000000000000    0.000000000000000
wind0_height:1525.0_dir                      -2.348388591331697    1.000000000000000    0.000000000000000
wind0_height:1525.0_vel                      343.1152172436359    1.000000000000000    0.000000000000000
wind0_height:16622.0_dir                      -27.10587481071880    1.000000000000000    0.000000000000000
wind0_height:16622.0_vel                      93.46867777518615    1.000000000000000    0.000000000000000
wind0_height:18640.0_dir                      -8.565792604413350    1.000000000000000    0.000000000000000
wind0_height:18640.0_vel                      92.45260479113311    1.000000000000000    0.000000000000000
wind0_height:20616.0_dir                      12.01042981415676    1.000000000000000    0.000000000000000
wind0_height:20616.0_vel                      79.32944235628402    1.000000000000000    0.000000000000000
wind0_height:23814.0_dir                      9.328844443866345    1.000000000000000    0.000000000000000
wind0_height:23814.0_vel                      276.6341711092024    1.000000000000000    0.000000000000000
wind0_height:26442.0_dir                      21.91987441223349    1.000000000000000    0.000000000000000
wind0_height:26442.0_vel                      264.0109015262143    1.000000000000000    0.000000000000000
wind0_height:3163.0_dir                      11.87378423478786    1.000000000000000    0.000000000000000
wind0_height:3163.0_vel                      390.5210242704640    1.000000000000000    0.000000000000000
wind0_height:4432.0_dir                      0.8239337347858857    1.000000000000000    0.000000000000000
wind0_height:4432.0_vel                      17.93832681683854    1.000000000000000    0.000000000000000
wind0_height:5882.0_dir                      9.886542294505185    1.000000000000000    0.000000000000000
wind0_height:5882.0_vel                      68.75040440890280    1.000000000000000    0.000000000000000
wind0_height:7604.0_dir                      -10.27911560228325    1.000000000000000    0.000000000000000
wind0_height:7604.0_vel                      87.71553025191403    1.000000000000000    0.000000000000000
wind0_height:796.0_dir                      -22.44705270250001    1.000000000000000    0.000000000000000
wind0_height:796.0_vel                      329.3104164699537    1.000000000000000    0.000000000000000
wind0_height:9708.0_dir                      63.25863702927949    1.000000000000000    0.000000000000000
wind0_height:9708.0_vel                      51.81003498144639    1.000000000000000    0.000000000000000
