single point
          beta                      0.3940937226341824    1.000000000000000    0.000000000000000
diffusion_coefficient                      838.0279909636110    1.000000000000000    0.000000000000000
 eruption_mass                      41220819560.16254    1.000000000000000    0.000000000000000
fall_time_threshold                      809.3890942884191    1.000000000000000    0.000000000000000
median_grainsize                      -0.4567962437610241    1.000000000000000    0.000000000000000
  plume_height                      12927.37081398142    1.000000000000000    0.000000000000000
 std_grainsize                      2.536371681506067    1.000000000000000    0.000000000000000
wind0_height:10974.0_dir                      28.74047847269679    1.000000000000000    0.000000000000000
wind0_height:10974.0_vel                      62.37417617934310    1.000000000000000    0.000000000000000
wind0_height:112.0_dir                      -6.166281859871107    1.000000000000000    0.000000000000000
wind0_height:112.0_vel                      252.6181397089674    1.000000000000000    0.000000000000000
wind0_height:12456.0_dir                      69.17668280794510    1.000000000000000    0.000000000000000
wind0_height:12456.0_vel                      52.94380855365526    1.000000000000000    0.000000000000000
wind0_height:14262.0_dir                      13.34063575967452    1.000000000000000    0.000000000000000
wind0_height:14262.0_vel                      74.02220179590159    1.000000000000000    0.000000000000000
wind0_height:1525.0_dir                      5.040820528588370    1.000000000000000    0.000000000000000
wind0_height:1525.0_vel                      324.3145828130354    1.000000000000000    0.000000000000000
wind0_height:16622.0_dir                      -20.60197476969190    1.000000000000000    0.000000000000000
wind0_height:16622.0_vel                      94.82438040371774    1.000000000000000    0.000000000000000
wind0_height:18640.0_dir                      2.109903660409080    1.000000000000000    0.000000000000000
wind0_height:18640.0_vel                      93.70779538326572    1.000000000000000    0.000000000000000
wind0_height:20616.0_dir                      9.241974879038132    1.000000000000000    0.000000000000000
wind0_height:20616.0_vel                      82.69564403539650    1.000000000000000    0.000000000000000
wind0_height:23814.0_dir                      6.262648829994548    1.000000000000000    0.000000000000000
wind0_height:23814.0_vel                      273.6697181622435    1.000000000000000    0.000000000000000
wind0_height:26442.0_dir                      29.89750479764113    1.000000000000000    0.000000000000000
wind0_height:26442.0_vel                      264.5904466058448    1.000000000000000    0.000000000000000
wind0_height:3163.0_dir                      -0.4039663152197065    1.000000000000000    0.000000000000000
wind0_height:3163.0_vel                      390.3599607209781    1.000000000000000    0.000000000000000
wind0_height:4432.0_dir                      0.8556579378366134    1.000000000000000    0.000000000000000
wind0_height:4432.0_vel                      18.63873818346315    1.000000000000000    0.000000000000000
wind0_height:5882.0_dir                      10.22839527532079    1.000000000000000    0.000000000000000
wind0_height:5882.0_vel                      71.38309371443705    1.000000000000000    0.000000000000000
wind0_height:7604.0_dir                      -11.74153355126445    1.000000000000000    0.000000000000000
wind0_height:7604.0_vel                      91.45377683329949    1.000000000000000    0.000000000000000
wind0_height:796.0_dir                      -23.38414402394161    1.000000000000000    0.000000000000000
wind0_height:796.0_vel                      298.2727720260744    1.000000000000000    0.000000000000000
wind0_height:9708.0_dir                      52.58090744190915    1.000000000000000    0.000000000000000
wind0_height:9708.0_vel                      53.43276564334742    1.000000000000000    0.000000000000000
