single point
          beta                      0.3970741515590672    1.000000000000000    0.000000000000000
diffusion_coefficient                      804.1948246878877    1.000000000000000    0.000000000000000
 eruption_mass                      42687870261.56877    1.000000000000000    0.000000000000000
fall_time_threshold                      808.4855485390394    1.000000000000000    0.000000000000000
median_grainsize                      -0.4826222520362923    1.000000000000000    0.000000000000000
  plume_height                      12987.07652660925    1.000000000000000    0.000000000000000
 std_grainsize                      2.574890869424121    1.000000000000000    0.000000000000000
wind0_height:10974.0_dir                      22.65115986483175    1.000000000000000    0.000000000000000
wind0_height:10974.0_vel                      61.67859766613843    1.000000000000000    0.000000000000000
wind0_height:112.0_dir                      -5.973699040716585    1.000000000000000    0.000000000000000
wind0_height:112.0_vel                      252.0325426012811    1.000000000000000    0.000000000000000
wind0_height:12456.0_dir                      72.97611368410634    1.000000000000000    0.000000000000000
wind0_height:12456.0_vel                      50.79604988291592    1.000000000000000    0.000000000000000
wind0_height:14262.0_dir                      12.98013701509769    1.000000000000000    0.000000000000000
wind0_height:14262.0_vel                      74.69459841083197    1.000000000000000    0.000000000000000
wind0_height:1525.0_dir                      2.686378083896679    1.000000000000000    0.000000000000000
wind0_height:1525.0_vel                      328.8598213745678    1.000000000000000    0.000000000000000
wind0_height:16622.0_dir                      -27.03630275071033    1.000000000000000    0.000000000000000
wind0_height:16622.0_vel                      93.05556895857569    1.000000000000000    0.000000000000000
wind0_height:18640.0_dir                      -0.7489841839840428    1.000000000000000    0.000000000000000
wind0_height:18640.0_vel                      94.73798225407593    1.000000000000000    0.000000000000000
wind0_height:20616.0_dir                      12.30069702466717    1.000000000000000    0.000000000000000
wind0_height:20616.0_vel                      82.14645477888321    1.000000000000000    0.000000000000000
wind0_height:23814.0_dir                      4.635015839769128    1.000000000000000    0.000000000000000
wind0_height:23814.0_vel                      276.0057862560317    1.000000000000000    0.000000000000000
wind0_height:26442.0_dir                      27.72592438900865    1.000000000000000    0.000000000000000
wind0_height:26442.0_vel                      265.2040055256991    1.000000000000000    0.000000000000000
wind0_height:3163.0_dir                      2.805544749432702    1.000000000000000    0.000000000000000
wind0_height:3163.0_vel                      392.4663245203515    1.000000000000000    0.000000000000000
wind0_height:4432.0_dir                      -0.9728264820088095    1.000000000000000    0.000000000000000
wind0_height:4432.0_vel                      18.53093869950490    1.000000000000000    0.000000000000000
wind0_height:5882.0_dir                      12.60904193522983    1.000000000000000    0.000000000000000
wind0_height:5882.0_vel                      70.69951950360861    1.000000000000000    0.000000000000000
wind0_height:7604.0_dir                      -12.96569919336792    1.000000000000000    0.000000000000000
wind0_height:7604.0_vel                      90.54213572330173    1.000000000000000    0.000000000000000
wind0_height:796.0_dir                      -21.74802365702520    1.000000000000000    0.000000000000000
wind0_height:796.0_vel                      307.0008350720991    1.000000000000000    0.000000000000000
wind0_height:9708.0_dir                      57.31399621252116    1.000000000000000    0.000000000000000
wind0_height:9708.0_vel                      52.63942616028244    1.000000000000000    0.000000000000000
