single point
          beta                      0.3892522493865297    1.000000000000000    0.000000000000000
diffusion_coefficient                      732.2521987195086    1.000000000000000    0.000000000000000
 eruption_mass                      47586049582.02015    1.000000000000000    0.000000000000000
fall_time_threshold                      806.5381890514976    1.000000000000000    0.000000000000000
median_grainsize                      -0.6130756134537834    1.000000000000000    0.000000000000000
  plume_height                      13063.98969952745    1.000000000000000    0.000000000000000
 std_grainsize                      2.615359201274251    1.000000000000000    0.000000000000000
wind0_height:10974.0_dir                      11.80369120065832    1.000000000000000    0.000000000000000
wind0_height:10974.0_vel                      57.59225115192448    1.000000000000000    0.000000000000000
wind0_height:112.0_dir                      4.319011412232376    1.000000000000000    0.000000000000000
wind0_height:112.0_vel                      250.9736196206368    1.000000000000000    0.000000000000000
wind0_height:12456.0_dir                      76.76590350572125    1.000000000000000    0.000000000000000
wind0_height:12456.0_vel                      45.59976730695812    1.000000000000000    0.000000000000000
wind0_height:14262.0_dir                      15.71763400100454    1.000000000000000    0.000000000000000
wind0_height:14262.0_vel                      74.73456069148958    1.000000000000000    0.000000000000000
wind0_height:1525.0_dir                      -6.045982258497126    1.000000000000000    0.000000000000000
wind0_height:1525.0_vel                      344.9025526065666    1.000000000000000    0.000000000000000
wind0_height:16622.0_dir                      -24.56062789350056    1.000000000000000    0.000000000000000
wind0_height:16622.0_vel                      92.53871095219108    1.000000000000000    0.000000000000000
wind0_height:18640.0_dir                      -10.72772175651822    1.000000000000000    0.000000000000000
wind0_height:18640.0_vel                      94.22136047055569    1.000000000000000    0.000000000000000
wind0_height:20616.0_dir                      16.25678821234909    1.000000000000000    0.000000000000000
wind0_height:20616.0_vel                      78.97747755062188    1.000000000000000    0.000000000000000
wind0_height:23814.0_dir                      9.496831569452450    1.000000000000000    0.000000000000000
wind0_height:23814.0_vel                      279.2839237726373    1.000000000000000    0.000000000000000
wind0_height:26442.0_dir                      16.86161420655382    1.000000000000000    0.000000000000000
wind0_height:26442.0_vel                      257.9200491428592    1.000000000000000    0.000000000000000
wind0_height:3163.0_dir                      18.29842634420912    1.000000000000000    0.000000000000000
wind0_height:3163.0_vel                      387.0353174116341    1.000000000000000    0.000000000000000
wind0_height:4432.0_dir                      -0.8601620151841627    1.000000000000000    0.000000000000000
wind0_height:4432.0_vel                      17.64699906290060    1.000000000000000    0.000000000000000
wind0_height:5882.0_dir                      9.809594334162895    1.000000000000000    0.000000000000000
wind0_height:5882.0_vel                      68.24989106499264    1.000000000000000    0.000000000000000
wind0_height:7604.0_dir                      -9.903710013375798    1.000000000000000    0.000000000000000
wind0_height:7604.0_vel                      87.20466113207748    1.000000000000000    0.000000000000000
wind0_height:796.0_dir                      -23.65881392764746    1.000000000000000    0.000000000000000
wind0_height:796.0_vel                      333.2972200591232    1.000000000000000    0.000000000000000
wind0_height:9708.0_dir                      66.06533300075472    1.000000000000000    0.000000000000000
wind0_height:9708.0_vel                      51.44483122421688    1.000000000000000    0.000000000000000
