single point
          beta                      0.3162277660168379    1.000000000000000    0.000000000000000
diffusion_coefficient                      1732.050807568878    1.000000000000000    0.000000000000000
 eruption_mass                      22360679774.99789    1.000000000000000    0.000000000000000
fall_time_threshold                      848.5281374238566    1.000000000000000    0.000000000000000
median_grainsize                      1.000000000000000    1.000000000000000    0.000000000000000
  plume_height                      13856.40646055103    1.000000000000000    0.000000000000000
 std_grainsize                      2.291287847477920    1.000000000000000    0.000000000000000
wind0_height:10974.0_dir                      16.70000000000000    1.000000000000000    0.000000000000000
wind0_height:10974.0_vel                      63.20000000000000    1.000000000000000    0.000000000000000
wind0_height:112.0_dir                      5.800000000000000    1.000000000000000    0.000000000000000
wind0_height:112.0_vel                      251.3000000000000    1.000000000000000    0.000000000000000
wind0_height:12456.0_dir                      18.20000000000000    1.000000000000000    0.000000000000000
wind0_height:12456.0_vel                      62.70000000000000    1.000000000000000    0.000000000000000
wind0_height:14262.0_dir                      20.20000000000000    1.000000000000000    0.000000000000000
wind0_height:14262.0_vel                      72.50000000000000    1.000000000000000    0.000000000000000
wind0_height:1525.0_dir                      3.400000000000000    1.000000000000000    0.000000000000000
wind0_height:1525.0_vel                      302.4000000000000    1.000000000000000    0.000000000000000
wind0_height:16622.0_dir                      17.40000000000000    1.000000000000000    0.000000000000000
wind0_height:16622.0_vel                      90.70000000000000    1.000000000000000    0.000000000000000
wind0_height:18640.0_dir                      10.30000000000000    1.000000000000000    0.000000000000000
wind0_height:18640.0_vel                      88.00000000000000    1.000000000000000    0.000000000000000
wind0_height:20616.0_dir                      8.900000000000000    1.000000000000000    0.000000000000000
wind0_height:20616.0_vel                      90.50000000000000    1.000000000000000    0.000000000000000
wind0_height:23814.0_dir                      2.000000000000000    1.000000000000000    0.000000000000000
wind0_height:23814.0_vel                      248.3000000000000    1.000000000000000    0.000000000000000
wind0_height:26442.0_dir                      10.90000000000000    1.000000000000000    0.000000000000000
wind0_height:26442.0_vel                      270.9000000000000    1.000000000000000    0.000000000000000
wind0_height:3163.0_dir                      1.000000000000000    1.000000000000000    0.000000000000000
wind0_height:3163.0_vel                      344.6000000000000    1.000000000000000    0.000000000000000
wind0_height:4432.0_dir                      1.200000000000000    1.000000000000000    0.000000000000000
wind0_height:4432.0_vel                      17.30000000000000    1.000000000000000    0.000000000000000
wind0_height:5882.0_dir                      2.700000000000000    1.000000000000000    0.000000000000000
wind0_height:5882.0_vel                      81.30000000000000    1.000000000000000    0.000000000000000
wind0_height:7604.0_dir                      7.100000000000000    1.000000000000000    0.000000000000000
wind0_height:7604.0_vel                      97.90000000000001    1.000000000000000    0.000000000000000
wind0_height:796.0_dir                      6.400000000000000    1.000000000000000    0.000000000000000
wind0_height:796.0_vel                      272.7000000000000    1.000000000000000    0.000000000000000
wind0_height:9708.0_dir                      13.10000000000000    1.000000000000000    0.000000000000000
wind0_height:9708.0_vel                      56.50000000000000    1.000000000000000    0.000000000000000
