single point
          beta                      0.3925152276185364    1.000000000000000    0.000000000000000
diffusion_coefficient                      1027.223992468518    1.000000000000000    0.000000000000000
 eruption_mass                      42552378178.91186    1.000000000000000    0.000000000000000
fall_time_threshold                      794.3489731927223    1.000000000000000    0.000000000000000
median_grainsize                      -0.3697457776950654    1.000000000000000    0.000000000000000
  plume_height                      12995.89494422432    1.000000000000000    0.000000000000000
 std_grainsize                      2.548176236247964    1.000000000000000    0.000000000000000
wind0_height:10974.0_dir                      35.91961193530922    1.000000000000000    0.000000000000000
wind0_height:10974.0_vel                      62.30765164830149    1.000000000000000    0.000000000000000
wind0_height:112.0_dir                      -5.319085497584331    1.000000000000000    0.000000000000000
wind0_height:112.0_vel                      252.8791746169491    1.000000000000000    0.000000000000000
wind0_height:12456.0_dir                      69.05807287178246    1.000000000000000    0.000000000000000
wind0_height:12456.0_vel                      54.93449716263785    1.000000000000000    0.000000000000000
wind0_height:14262.0_dir                      15.34605450426824    1.000000000000000    0.000000000000000
wind0_height:14262.0_vel                      74.36860436380410    1.000000000000000    0.000000000000000
wind0_height:1525.0_dir                      5.986445187656341    1.000000000000000    0.000000000000000
wind0_height:1525.0_vel                      320.8468641139783    1.000000000000000    0.000000000000000
wind0_height:16622.0_dir                      -13.23790034913329    1.000000000000000    0.000000000000000
wind0_height:16622.0_vel                      93.14428176679749    1.000000000000000    0.000000000000000
wind0_height:18640.0_dir                      -6.554065354633935    1.000000000000000    0.000000000000000
wind0_height:18640.0_vel                      94.30765912130481    1.000000000000000    0.000000000000000
wind0_height:20616.0_dir                      8.710684716461246    1.000000000000000    0.000000000000000
wind0_height:20616.0_vel                      82.43623840013719    1.000000000000000    0.000000000000000
wind0_height:23814.0_dir                      7.311028449510311    1.000000000000000    0.000000000000000
wind0_height:23814.0_vel                      275.3740713390443    1.000000000000000    0.000000000000000
wind0_height:26442.0_dir                      25.22130199652221    1.000000000000000    0.000000000000000
wind0_height:26442.0_vel                      258.7540497542628    1.000000000000000    0.000000000000000
wind0_height:3163.0_dir                      -0.3962852244529884    1.000000000000000    0.000000000000000
wind0_height:3163.0_vel                      390.6905007098219    1.000000000000000    0.000000000000000
wind0_height:4432.0_dir                      0.7834927367197464    1.000000000000000    0.000000000000000
wind0_height:4432.0_vel                      18.21366708952339    1.000000000000000    0.000000000000000
wind0_height:5882.0_dir                      4.428867789142521    1.000000000000000    0.000000000000000
wind0_height:5882.0_vel                      71.78027997433190    1.000000000000000    0.000000000000000
wind0_height:7604.0_dir                      -6.073864249730276    1.000000000000000    0.000000000000000
wind0_height:7604.0_vel                      99.20656692721155    1.000000000000000    0.000000000000000
wind0_height:796.0_dir                      -27.14241129862590    1.000000000000000    0.000000000000000
wind0_height:796.0_vel                      283.9610213087573    1.000000000000000    0.000000000000000
wind0_height:9708.0_dir                      47.82484373149905    1.000000000000000    0.000000000000000
wind0_height:9708.0_vel                      55.13557623377664    1.000000000000000    0.000000000000000
