single point
          beta                      0.3258441398274646    1.000000000000000    0.000000000000000
diffusion_coefficient                      1666.323602791637    1.000000000000000    0.000000000000000
 eruption_mass                      21576534563.67085    1.000000000000000    0.000000000000000
fall_time_threshold                      850.7181514555032    1.000000000000000    0.000000000000000
median_grainsize                      0.8933755300183865    1.000000000000000    0.000000000000000
  plume_height                      13852.43328299349    1.000000000000000    0.000000000000000
 std_grainsize                      2.296254306378569    1.000000000000000    0.000000000000000
wind0_height:10974.0_dir                      20.15925582080578    1.000000000000000    0.000000000000000
wind0_height:10974.0_vel                      63.90982189368280    1.000000000000000    0.000000000000000
wind0_height:112.0_dir                      8.207756793017243    1.000000000000000    0.000000000000000
wind0_height:112.0_vel                      252.2805702464012    1.000000000000000    0.000000000000000
wind0_height:12456.0_dir                      18.47268096585205    1.000000000000000    0.000000000000000
wind0_height:12456.0_vel                      62.73248733055719    1.000000000000000    0.000000000000000
wind0_height:14262.0_dir                      21.36065244376830    1.000000000000000    0.000000000000000
wind0_height:14262.0_vel                      72.75340605341064    1.000000000000000    0.000000000000000
wind0_height:1525.0_dir                      0.8629764926673482    1.000000000000000    0.000000000000000
wind0_height:1525.0_vel                      306.6227324626021    1.000000000000000    0.000000000000000
wind0_height:16622.0_dir                      15.46681475784214    1.000000000000000    0.000000000000000
wind0_height:16622.0_vel                      90.62302397345080    1.000000000000000    0.000000000000000
wind0_height:18640.0_dir                      8.377326501720280    1.000000000000000    0.000000000000000
wind0_height:18640.0_vel                      88.14410299064014    1.000000000000000    0.000000000000000
wind0_height:20616.0_dir                      9.176737484149966    1.000000000000000    0.000000000000000
wind0_height:20616.0_vel                      90.71002911910458    1.000000000000000    0.000000000000000
wind0_height:23814.0_dir                      6.224408338282409    1.000000000000000    0.000000000000000
wind0_height:23814.0_vel                      248.3088805223549    1.000000000000000    0.000000000000000
wind0_height:26442.0_dir                      10.15680201783133    1.000000000000000    0.000000000000000
wind0_height:26442.0_vel                      268.9761697315956    1.000000000000000    0.000000000000000
wind0_height:3163.0_dir                      -1.139120606327759    1.000000000000000    0.000000000000000
wind0_height:3163.0_vel                      345.1845893022201    1.000000000000000    0.000000000000000
wind0_height:4432.0_dir                      -0.4177540332367371    1.000000000000000    0.000000000000000
wind0_height:4432.0_vel                      17.43110333811018    1.000000000000000    0.000000000000000
wind0_height:5882.0_dir                      4.702718310089542    1.000000000000000    0.000000000000000
wind0_height:5882.0_vel                      80.72367072847794    1.000000000000000    0.000000000000000
wind0_height:7604.0_dir                      7.032218904307363    1.000000000000000    0.000000000000000
wind0_height:7604.0_vel                      97.66023307027163    1.000000000000000    0.000000000000000
wind0_height:796.0_dir                      4.880358030207665    1.000000000000000    0.000000000000000
wind0_height:796.0_vel                      271.7432931818051    1.000000000000000    0.000000000000000
wind0_height:9708.0_dir                      11.23404043439426    1.000000000000000    0.000000000000000
wind0_height:9708.0_vel                      56.81112316321477    1.000000000000000    0.000000000000000
