single point
          beta                      0.3327928422927787    1.000000000000000    0.000000000000000
diffusion_coefficient                      1484.412239592369    1.000000000000000    0.000000000000000
 eruption_mass                      20702453545.65670    1.000000000000000    0.000000000000000
fall_time_threshold                      852.0573044842633    1.000000000000000    0.000000000000000
median_grainsize                      0.4436401781933810    1.000000000000000    0.000000000000000
  plume_height                      13627.04632923084    1.000000000000000    0.000000000000000
 std_grainsize                      2.301606376319207    1.000000000000000    0.000000000000000
wind0_height:10974.0_dir                      32.59849347300460    1.000000000000000    0.000000000000000
wind0_height:10974.0_vel                      62.29365746151078    1.000000000000000    0.000000000000000
wind0_height:112.0_dir                      1.885307916688017    1.000000000000000    0.000000000000000
wind0_height:112.0_vel                      247.5877055169325    1.000000000000000    0.000000000000000
wind0_height:12456.0_dir                      33.72410801047834    1.000000000000000    0.000000000000000
wind0_height:12456.0_vel                      61.91463930933971    1.000000000000000    0.000000000000000
wind0_height:14262.0_dir                      24.91851063985490    1.000000000000000    0.000000000000000
wind0_height:14262.0_vel                      72.74997435227279    1.000000000000000    0.000000000000000
wind0_height:1525.0_dir                      -0.7770857199563035    1.000000000000000    0.000000000000000
wind0_height:1525.0_vel                      311.3706276062363    1.000000000000000    0.000000000000000
wind0_height:16622.0_dir                      15.00550955577756    1.000000000000000    0.000000000000000
wind0_height:16622.0_vel                      90.41750462728305    1.000000000000000    0.000000000000000
wind0_height:18640.0_dir                      4.644768672473646    1.000000000000000    0.000000000000000
wind0_height:18640.0_vel                      89.60035111666340    1.000000000000000    0.000000000000000
wind0_height:20616.0_dir                      11.16515033362528    1.000000000000000    0.000000000000000
wind0_height:20616.0_vel                      89.97280203487031    1.000000000000000    0.000000000000000
wind0_height:23814.0_dir                      -5.499635047326432    1.000000000000000    0.000000000000000
wind0_height:23814.0_vel                      246.7936061731453    1.000000000000000    0.000000000000000
wind0_height:26442.0_dir                      15.88464691922024    1.000000000000000    0.000000000000000
wind0_height:26442.0_vel                      255.0976959899237    1.000000000000000    0.000000000000000
wind0_height:3163.0_dir                      -8.860289910231941    1.000000000000000    0.000000000000000
wind0_height:3163.0_vel                      333.7185291870591    1.000000000000000    0.000000000000000
wind0_height:4432.0_dir                      2.245610956494970    1.000000000000000    0.000000000000000
wind0_height:4432.0_vel                      17.77429293476256    1.000000000000000    0.000000000000000
wind0_height:5882.0_dir                      6.723601925494091    1.000000000000000    0.000000000000000
wind0_height:5882.0_vel                      82.41907272578418    1.000000000000000    0.000000000000000
wind0_height:7604.0_dir                      -9.720651467488551    1.000000000000000    0.000000000000000
wind0_height:7604.0_vel                      95.72892857715347    1.000000000000000    0.000000000000000
wind0_height:796.0_dir                      -5.469890876723362    1.000000000000000    0.000000000000000
wind0_height:796.0_vel                      286.4555279677504    1.000000000000000    0.000000000000000
wind0_height:9708.0_dir                      5.425617923216135    1.000000000000000    0.000000000000000
wind0_height:9708.0_vel                      57.27966710380250    1.000000000000000    0.000000000000000
