single point
          beta                      0.3221898909896048    1.000000000000000    0.000000000000000
diffusion_coefficient                      1655.510275926216    1.000000000000000    0.000000000000000
 eruption_mass                      22017341842.00596    1.000000000000000    0.000000000000000
fall_time_threshold                      848.5483023024784    1.000000000000000    0.000000000000000
median_grainsize                      0.9712877072046090    1.000000000000000    0.000000000000000
  plume_height                      13876.47116294104    1.000000000000000    0.000000000000000
 std_grainsize                      2.289922146513501    1.000000000000000    0.000000000000000
wind0_height:10974.0_dir                      17.57326354725731    1.000000000000000    0.000000000000000
wind0_height:10974.0_vel                      63.29188968355778    1.000000000000000    0.000000000000000
wind0_height:112.0_dir                      6.810443709787085    1.000000000000000    0.000000000000000
wind0_height:112.0_vel                      252.2901113050704    1.000000000000000    0.000000000000000
wind0_height:12456.0_dir                      18.28974928252282    1.000000000000000    0.000000000000000
wind0_height:12456.0_vel                      62.49314246983418    1.000000000000000    0.000000000000000
wind0_height:14262.0_dir                      19.13321212970175    1.000000000000000    0.000000000000000
wind0_height:14262.0_vel                      72.82931819965199    1.000000000000000    0.000000000000000
wind0_height:1525.0_dir                      0.7007188698020550    1.000000000000000    0.000000000000000
wind0_height:1525.0_vel                      304.3380802692567    1.000000000000000    0.000000000000000
wind0_height:16622.0_dir                      17.37073480759154    1.000000000000000    0.000000000000000
wind0_height:16622.0_vel                      91.18615611441113    1.000000000000000    0.000000000000000
wind0_height:18640.0_dir                      10.26774697439488    1.000000000000000    0.000000000000000
wind0_height:18640.0_vel                      87.89171827938641    1.000000000000000    0.000000000000000
wind0_height:20616.0_dir                      8.255574557974473    1.000000000000000    0.000000000000000
wind0_height:20616.0_vel                      90.69564408631457    1.000000000000000    0.000000000000000
wind0_height:23814.0_dir                      4.145567378351080    1.000000000000000    0.000000000000000
wind0_height:23814.0_vel                      248.1342385756300    1.000000000000000    0.000000000000000
wind0_height:26442.0_dir                      11.19669233487176    1.000000000000000    0.000000000000000
wind0_height:26442.0_vel                      270.5635324760418    1.000000000000000    0.000000000000000
wind0_height:3163.0_dir                      -0.7076889692944146    1.000000000000000    0.000000000000000
wind0_height:3163.0_vel                      345.6546112318165    1.000000000000000    0.000000000000000
wind0_height:4432.0_dir                      1.614050369137493    1.000000000000000    0.000000000000000
wind0_height:4432.0_vel                      17.38001965734719    1.000000000000000    0.000000000000000
wind0_height:5882.0_dir                      4.255290965311548    1.000000000000000    0.000000000000000
wind0_height:5882.0_vel                      80.67476295067952    1.000000000000000    0.000000000000000
wind0_height:7604.0_dir                      7.921408103979109    1.000000000000000    0.000000000000000
wind0_height:7604.0_vel                      98.06302801187640    1.000000000000000    0.000000000000000
wind0_height:796.0_dir                      6.446854667828638    1.000000000000000    0.000000000000000
wind0_height:796.0_vel                      271.0129153823566    1.000000000000000    0.000000000000000
wind0_height:9708.0_dir                      13.07946487015682    1.000000000000000    0.000000000000000
wind0_height:9708.0_vel                      56.67437895085368    1.000000000000000    0.000000000000000
