single point
          beta                      0.3896810538990973    1.000000000000000    0.000000000000000
diffusion_coefficient                      1313.683142011378    1.000000000000000    0.000000000000000
 eruption_mass                      34852076711.39513    1.000000000000000    0.000000000000000
fall_time_threshold                      832.5370177897782    1.000000000000000    0.000000000000000
median_grainsize                      0.05195249485139675    1.000000000000000    0.000000000000000
  plume_height                      13133.06418601167    1.000000000000000    0.000000000000000
 std_grainsize                      2.413838317668944    1.000000000000000    0.000000000000000
wind0_height:10974.0_dir                      28.80405428172488    1.000000000000000    0.000000000000000
wind0_height:10974.0_vel                      61.64053492496219    1.000000000000000    0.000000000000000
wind0_height:112.0_dir                      -5.589016151899311    1.000000000000000    0.000000000000000
wind0_height:112.0_vel                      248.5016418257169    1.000000000000000    0.000000000000000
wind0_height:12456.0_dir                      66.94961755470888    1.000000000000000    0.000000000000000
wind0_height:12456.0_vel                      61.61858735113607    1.000000000000000    0.000000000000000
wind0_height:14262.0_dir                      13.27280465977187    1.000000000000000    0.000000000000000
wind0_height:14262.0_vel                      71.06006263491210    1.000000000000000    0.000000000000000
wind0_height:1525.0_dir                      9.578073561809179    1.000000000000000    0.000000000000000
wind0_height:1525.0_vel                      320.2744254308743    1.000000000000000    0.000000000000000
wind0_height:16622.0_dir                      -2.484656082219242    1.000000000000000    0.000000000000000
wind0_height:16622.0_vel                      90.85719725733014    1.000000000000000    0.000000000000000
wind0_height:18640.0_dir                      2.845249142828432    1.000000000000000    0.000000000000000
wind0_height:18640.0_vel                      94.79963777715284    1.000000000000000    0.000000000000000
wind0_height:20616.0_dir                      -4.315831022055322    1.000000000000000    0.000000000000000
wind0_height:20616.0_vel                      87.12567421351672    1.000000000000000    0.000000000000000
wind0_height:23814.0_dir                      9.984172774339111    1.000000000000000    0.000000000000000
wind0_height:23814.0_vel                      256.7144363958600    1.000000000000000    0.000000000000000
wind0_height:26442.0_dir                      22.32574731555898    1.000000000000000    0.000000000000000
wind0_height:26442.0_vel                      257.2953575810560    1.000000000000000    0.000000000000000
wind0_height:3163.0_dir                      -6.350400570571381    1.000000000000000    0.000000000000000
wind0_height:3163.0_vel                      377.5342442511962    1.000000000000000    0.000000000000000
wind0_height:4432.0_dir                      -4.003243850124429    1.000000000000000    0.000000000000000
wind0_height:4432.0_vel                      17.38747582377510    1.000000000000000    0.000000000000000
wind0_height:5882.0_dir                      12.95005797851780    1.000000000000000    0.000000000000000
wind0_height:5882.0_vel                      68.45285318933888    1.000000000000000    0.000000000000000
wind0_height:7604.0_dir                      -9.582755694880431    1.000000000000000    0.000000000000000
wind0_height:7604.0_vel                      92.76204240344688    1.000000000000000    0.000000000000000
wind0_height:796.0_dir                      -26.12818710767043    1.000000000000000    0.000000000000000
wind0_height:796.0_vel                      267.4350467705155    1.000000000000000    0.000000000000000
wind0_height:9708.0_dir                      25.56314651515145    1.000000000000000    0.000000000000000
wind0_height:9708.0_vel                      55.54309118282404    1.000000000000000    0.000000000000000
