-167  6.4000000000000003552713678801  2.244000000000000056843419e+02
455  6.299999999999999822364316060  2.37300000000000011368684e+02
1112  2.5000000000000000000000000000  2.200999999999999943156581e+02
2588  2.5000000000000000000000000000  1.084000000000000056843419e+02
3728  5.5999999999999996447286321199  84.900000000000005684341886081
5032  8.5999999999999996447286321199  91.299999999999997157829056960
6574  7.7000000000000001776356839400  77.200000000000002842170943040
8488  9.0999999999999996447286321199  97.000000000000000000000000000
9673  12.099999999999999644728632120  87.599999999999994315658113919
11110  14.5999999999999996447286321199  70.5000000000000000000000000000
12960  14.4000000000000003552713678801  78.7999999999999971578290569596
15549  12.4000000000000003552713678801  73.2000000000000028421709430404
17811  10.9000000000000003552713678801  85.7999999999999971578290569596
19927  8.30000000000000071054273576010  83.7999999999999971578290569596
23125  5.79999999999999982236431605997  2.8810000000000002273736754e+02
25669  23.1000000000000014210854715202  2.4519999999999998863131623e+02
30125  39.7000000000000028421709430404  2.5480000000000001136868377e+02
