102  6.299999999999999822364316060  2.52400000000000005684342e+02
786  6.400000000000000355271367880  2.73600000000000022737368e+02
1517  4.2000000000000001776356839400  3.043999999999999772626325e+02
3154  3.7000000000000001776356839400  3.083999999999999772626325e+02
4416  3.2999999999999998223643160600  3.175000000000000000000000e+02
5863  1.8000000000000000444089209850  47.299999999999997157829056960
7586  4.5999999999999996447286321199  55.600000000000001421085471520
9690  9.0000000000000000000000000000  56.799999999999997157829056960
10957  13.5999999999999996447286321199  61.6000000000000014210854715202
12436  16.6999999999999992894572642399  62.5000000000000000000000000000
14238  15.9000000000000003552713678801  81.2999999999999971578290569596
16597  12.0000000000000000000000000000  1.0600000000000000000000000e+02
18635  6.59999999999999964472863211995  54.8999999999999985789145284798
20616  5.50000000000000000000000000000  65.2999999999999971578290569596
23805  2.29999999999999982236431605997  2.4450000000000000000000000e+02
26432  11.5000000000000000000000000000  2.7150000000000000000000000e+02
31048  24.5000000000000000000000000000  2.5269999999999998863131623e+02
